1000
-65526
-65524
-65481
-65451
-65433
-65420
-65314
-65229
-65224
-65210
-65132
-65112
-65075
-65064
-65032
-64968
-64863
-64830
-64809
-64791
-64761
-64552
-64529
-64521
-64472
-64468
-64458
-64442
-64441
-64399
-64330
-64327
-64200
-64096
-64095
-63944
-63918
-63856
-63779
-63763
-63668
-63654
-63632
-63617
-63584
-63560
-63550
-63486
-63389
-63350
-63084
-63046
-63040
-62968
-62934
-62898
-62893
-62883
-62855
-62698
-62595
-62575
-62522
-62519
-62494
-62471
-62139
-62127
-62089
-62065
-61971
-61905
-61904
-61891
-61883
-61868
-61853
-61782
-61678
-61609
-61588
-61545
-61411
-61353
-61073
-61056
-61040
-60972
-60907
-60872
-60719
-60523
-60482
-60415
-60411
-60374
-60342
-60258
-60241
-60224
-60215
-60203
-60196
-60057
-60044
-60001
-59967
-59820
-59803
-59763
-59752
-59715
-59662
-59626
-59587
-59565
-59396
-59254
-59252
-59243
-59230
-59218
-59179
-59160
-59080
-59072
-59070
-59055
-58826
-58809
-58794
-58712
-58687
-58610
-58493
-58365
-58349
-58326
-58309
-58288
-58271
-58261
-58257
-58237
-58147
-58142
-58097
-57801
-57789
-57717
-57670
-57578
-57406
-57378
-57333
-57320
-57298
-57240
-57205
-57166
-57124
-57116
-57104
-57103
-57102
-57099
-57019
-56940
-56809
-56802
-56638
-56635
-56557
-56498
-56476
-56414
-56330
-56317
-56304
-56151
-56139
-56062
-55980
-55954
-55951
-55852
-55741
-55730
-55729
-55662
-55612
-55588
-55552
-55471
-55384
-55381
-55331
-55309
-55192
-55109
-55102
-55098
-54966
-54927
-54899
-54820
-54623
-54601
-54479
-54468
-54459
-54360
-54069
-54055
-54024
-53986
-53949
-53908
-53903
-53873
-53776
-53772
-53722
-53720
-53686
-53619
-53464
-53459
-53424
-53411
-53401
-53388
-53330
-53182
-53174
-53037
-52954
-52903
-52893
-52869
-52833
-52831
-52793
-52755
-52676
-52671
-52623
-52602
-52601
-52528
-52439
-52415
-52241
-52145
-51999
-51986
-51939
-51919
-51877
-51841
-51738
-51730
-51640
-51623
-51611
-51465
-51406
-51374
-51243
-51191
-51138
-51091
-50989
-50947
-50917
-50909
-50908
-50849
-50804
-50794
-50657
-50572
-50443
-50362
-50132
-50014
-49934
-49932
-49922
-49801
-49793
-49728
-49715
-49596
-49463
-49420
-49371
-49345
-49259
-49156
-49140
-49069
-48866
-48837
-48791
-48773
-48685
-48680
-48633
-48631
-48581
-48579
-48560
-48527
-48504
-48420
-48364
-48352
-48308
-48289
-48214
-48154
-48141
-48126
-48112
-48101
-48065
-48057
-47903
-47771
-47766
-47681
-47663
-47591
-47586
-47556
-47536
-47430
-47425
-47414
-47382
-47340
-47331
-47280
-47247
-47112
-46948
-46854
-46758
-46714
-46709
-46700
-46536
-46495
-46481
-46448
-46445
-46316
-46292
-46189
-46133
-45999
-45911
-45898
-45871
-45826
-45813
-45812
-45733
-45664
-45601
-45390
-45337
-45330
-45320
-45299
-45274
-45271
-45197
-45052
-44943
-44909
-44707
-44557
-44394
-44384
-44362
-44258
-44249
-44247
-44054
-44010
-43999
-43912
-43835
-43768
-43747
-43592
-43563
-43477
-43418
-43401
-43239
-43168
-43151
-43095
-43082
-43056
-42999
-42868
-42865
-42827
-42804
-42793
-42692
-42557
-42554
-42480
-42424
-42411
-42343
-42282
-42166
-42107
-42105
-42045
-42041
-42038
-41698
-41695
-41645
-41634
-41621
-41610
-41560
-41557
-41530
-41464
-41349
-41314
-41313
-41307
-41274
-41273
-41231
-41154
-41113
-41109
-41037
-41022
-40968
-40915
-40857
-40638
-40617
-40600
-40573
-40543
-40540
-40522
-40468
-40441
-40387
-40364
-40355
-40337
-40323
-40241
-40239
-40199
-40191
-40175
-40080
-40040
-40022
-39971
-39960
-39948
-39855
-39830
-39812
-39798
-39656
-39634
-39600
-39589
-39540
-39485
-39307
-39298
-39295
-39271
-39263
-39203
-39179
-39130
-39126
-39115
-39027
-38985
-38926
-38920
-38908
-38868
-38815
-38792
-38761
-38750
-38708
-38628
-38605
-38597
-38583
-38579
-38555
-38531
-38512
-38489
-38481
-38388
-38387
-38376
-38333
-38235
-38233
-38219
-38155
-38092
-38017
-37958
-37897
-37893
-37868
-37844
-37726
-37690
-37592
-37563
-37533
-37393
-37391
-37377
-37333
-37329
-37323
-37200
-37112
-37058
-37043
-37025
-37016
-37012
-36817
-36752
-36730
-36700
-36692
-36560
-36535
-36496
-36470
-36423
-36357
-36356
-36323
-36308
-36305
-36268
-36240
-36205
-36196
-36074
-36066
-36032
-35994
-35864
-35851
-35834
-35796
-35782
-35716
-35681
-35566
-35560
-35352
-35335
-35308
-35254
-35228
-35217
-35147
-35141
-34910
-34803
-34801
-34720
-34636
-34598
-34539
-34516
-34444
-34371
-34368
-34367
-34338
-34316
-34300
-34264
-34255
-34220
-34145
-34139
-34092
-34088
-34067
-33983
-33907
-33906
-33893
-33528
-33483
-33460
-33367
-33350
-33260
-33213
-33019
-32950
-32944
-32934
-32890
-32886
-32856
-32837
-32687
-32651
-32543
-32514
-32418
-32372
-32214
-32135
-31951
-31901
-31823
-31808
-31802
-31789
-31691
-31676
-31675
-31599
-31574
-31563
-31552
-31545
-31511
-31449
-31417
-31352
-31351
-31337
-31298
-31267
-31215
-31200
-31180
-31176
-31130
-31110
-31087
-31002
-30990
-30881
-30878
-30848
-30837
-30777
-30770
-30761
-30735
-30698
-30605
-30582
-30486
-30390
-30328
-30315
-30268
-30183
-30171
-30081
-30068
-30066
-30013
-30007
-29994
-29917
-29891
-29883
-29828
-29797
-29783
-29779
-29717
-29662
-29635
-29619
-29502
-29495
-29464
-29453
-29417
-29415
-29342
-29279
-29272
-29247
-29177
-29110
-29109
-29044
-29022
-28991
-28696
-28694
-28687
-28595
-28589
-28483
-28444
-28424
-28362
-28297
-28258
-28189
-28163
-28155
-28060
-27911
-27876
-27842
-27794
-27733
-27721
-27667
-27659
-27625
-27438
-27414
-27382
-27291
-27207
-27167
-27097
-27024
-26922
-26784
-26758
-26735
-26661
-26642
-26623
-26617
-26596
-26591
-26581
-26525
-26515
-26506
-26486
-26449
-26381
-26378
-26232
-26108
-26013
-25942
-25927
-25917
-25888
-25866
-25789
-25641
-25518
-25372
-25287
-25253
-25241
-25236
-25206
-25155
-25130
-25056
-24926
-24889
-24875
-24795
-24765
-24640
-24607
-24570
-24567
-24389
-24324
-24287
-24253
-24243
-24202
-24127
-24075
-24025
-23976
-23959
-23845
-23813
-23768
-23755
-23716
-23648
-23504
-23494
-23471
-23451
-23401
-23385
-23329
-23298
-23276
-23106
-23083
-22954
-22839
-22766
-22757
-22626
-22593
-22583
-22541
-22519
-22495
-22440
-22391
-22303
-22266
-22249
-22145
-22119
-22013
-22007
-21994
-21907
-21906
-21795
-21650
-21605
-21521
-21518
-21509
-21502
-21434
-21407
-21387
-21341
-21332
-21196
-21182
-21171
-21158
-21155
-21136
-21099
-21088
-21072
-21045
-21028
-20977
-20945
-20892
-20873
-20786
-20736
-20720
-20673
-20567
-20544
-20512
-20436
-20425
-20372
-20354
-20219
-20139
-20091
-20080
-20056
-20026
-19988
-19866
-19851
-19808
-19791
-19782
-19708
-19695
-19665
-19618
-19522
-19396
-19319
-19276
-19176
-19129
-19095
-19060
-18975
-18969
-18967
-18945
-18891
-18879
-18865
-18837
-18709
-18655
-18613
-18553
-18519
-18515
-18496
-18426
-18423
-18407
-18336
-18309
-18270
-18205
-18179
-18166
-18136
-18130
-18021
-17954
-17896
-17847
-17833
-17695
-17678
-17658
-17646
-17644
-17635
-17519
-17468
-17418
-17363
-17310
-17268
-17253
-17211
-17183
-17173
-17127
-16828
-16824
-16823
-16793
-16654
-16623
-16530
-16524
-16502
-16454
-16433
-16430
-16415
-16397
-16373
-16332
-16303
-16296
-16211
-16189
-16144
-16095
-16066
-16057
-16012
-15986
-15917
-15888
-15802
-15793
-15789
-15731
-15645
-15632
-15622
-15558
-15505
