100
-65493
-65422
-65341
-65334
-65296
-65201
-65188
-65081
-65052
-64970
-64851
-64817
-64703
-64641
-64623
-64619
-64613
-64522
-64508
-64428
-64415
-64385
-64376
-64325
-64300
-64192
-64075
-64058
-64041
-63811
-63802
-63704
-63665
-63629
-63569
-63518
-63457
-63418
-63359
-63356
-63334
-63291
-63257
-63239
-63202
-63076
-62985
-62893
-62729
-62624
-62611
-62598
-62594
-62566
-62558
-62549
-62521
-62435
-62374
-62301
-62294
-62293
-62130
-62113
-62110
-62070
-62058
-62032
-61917
-61897
-61895
-61841
-61790
-61710
-61690
-61685
-61674
-61671
-61604
-61563
-61425
-61386
-61354
-61348
-61284
-61279
-61267
-61244
-61209
-61161
-61119
-61070
-61041
-60983
-60964
-60919
-60910
-60908
-60841
-60805
