1000
65390
65382
65307
65176
65120
65110
64957
64909
64831
64803
64757
64502
64390
64354
64332
64317
64315
64182
64084
64074
63924
63840
63705
63634
63583
63507
63393
63386
63357
63343
63308
63299
63274
63178
63155
63103
63090
63070
63068
62981
62977
62937
62765
62750
62706
62659
62653
62645
62636
62635
62554
62545
62455
62450
62446
62422
62351
62201
62135
62109
62034
61875
61861
61757
61724
61703
61688
61674
61620
61557
61535
61503
61500
61492
61362
61333
61303
61247
61214
61093
60971
60968
60935
60847
60664
60660
60654
60603
60597
60555
60550
60493
60461
60453
60390
60353
60320
60171
60125
60035
59974
59871
59789
59780
59746
59734
59730
59728
59640
59601
59520
59518
59511
59449
59374
59341
59272
59192
59165
59029
59012
58842
58826
58809
58789
58727
58678
58628
58591
58497
58413
58373
58348
58321
58310
58308
58305
58295
58287
58165
58142
58126
58125
58124
58044
58019
57989
57968
57940
57839
57705
57678
57605
57591
57578
57547
57510
57442
57382
57348
57332
57288
57240
57121
57103
57095
57072
57069
57036
56955
56947
56893
56836
56812
56775
56691
56629
56582
56577
56513
56430
56423
56407
56271
56216
56204
56195
56150
56023
55988
55909
55904
55875
55843
55678
55621
55617
55520
55364
55320
55262
55189
55181
54993
54967
54960
54959
54895
54889
54806
54639
54565
54494
54485
54441
54408
54385
54272
54263
54258
54231
54164
54012
53929
53900
53811
53801
53762
53747
53638
53631
53516
53502
53492
53491
53482
53423
53310
53228
53218
53192
53177
53090
53088
53076
53002
52913
52889
52809
52788
52772
52656
52366
52338
52259
52064
51955
51873
51799
51755
51743
51682
51641
51631
51579
51545
51529
51429
51423
51403
51351
51343
51188
51152
51073
51045
51039
50992
50965
50792
50778
50764
50738
50702
50680
50644
50637
50542
50349
50284
50282
50281
50273
50270
50264
50083
50043
49926
49907
49774
49751
49607
49564
49528
49493
49421
49398
49395
49365
49346
49341
49333
49245
49146
49145
49116
49113
48987
48967
48949
48929
48911
48907
48810
48709
48690
48656
48643
48611
48456
48400
48341
48312
48295
48257
48233
48205
48125
48040
47992
47910
47903
47890
47850
47811
47742
47735
47687
47656
47600
47557
47530
47417
47396
47285
47280
47256
47100
47080
47078
47030
46978
46969
46879
46862
46860
46817
46788
46781
46710
46583
46574
46402
46340
46286
46198
46190
46163
46131
46124
46106
46079
46075
45988
45987
45917
45883
45843
45809
45779
45743
45718
45691
45689
45656
45640
45589
45543
45460
45456
45438
45408
45402
45363
45347
45313
45253
45092
45017
44971
44859
44825
44793
44616
44578
44566
44497
44461
44362
44345
44282
44207
44161
44091
44080
44063
43947
43890
43887
43874
43819
43775
43652
43598
43535
43474
43394
43385
43356
43294
43266
43177
42868
42727
42713
42690
42610
42590
42519
42468
42460
42459
42413
42411
42404
42362
42316
42176
42102
41970
41950
41946
41887
41869
41729
41682
41639
41622
41537
41515
41504
41503
41491
41457
41383
41278
41274
41257
41218
41125
41097
41047
41003
40896
40866
40858
40785
40758
40618
40558
40530
40508
40496
40486
40385
40382
40355
40303
40279
40260
40242
40212
40166
40137
40108
40096
40070
39989
39932
39924
39910
39795
39693
39654
39639
39587
39578
39516
39440
39398
39270
39244
39235
39219
39180
39095
39084
38929
38846
38725
38631
38597
38592
38497
38470
38435
38392
38352
38265
38251
38137
37995
37879
37878
37865
37823
37798
37796
37727
37655
37524
37493
37470
37437
37409
37333
37326
37315
37308
37296
37231
37191
37179
37153
37045
37015
36883
36808
36807
36671
36662
36637
36610
36429
36409
36379
36366
36256
36242
36215
36211
36153
36142
36098
35949
35905
35792
35766
35753
35734
35600
35451
35441
35302
35293
35215
35134
35118
34963
34903
34867
34841
34815
34722
34665
34619
34611
34588
34524
34239
34172
34170
34135
34127
34069
33998
33822
33803
33794
33762
33761
33748
33690
33624
33571
33536
33465
33459
33415
33379
33348
33343
33242
33176
33170
33035
32984
32972
32931
32849
32809
32686
32647
32494
32459
32452
32446
32428
32318
32246
32213
32166
32042
32025
31986
31874
31856
31834
31736
31697
31696
31630
31602
31572
31548
31469
31403
31394
31317
31252
31221
31207
31070
31067
30998
30907
30897
30849
30756
30713
30649
30587
30556
30536
30527
30460
30446
30436
30381
30373
30273
30239
30157
30114
30064
29947
29871
29750
29739
29705
29664
29627
29613
29548
29534
29516
29494
29294
29292
29263
29240
29124
29035
29016
28988
28986
28976
28967
28922
28823
28818
28689
28687
28677
28586
28554
28543
28534
28476
28460
28414
28366
28217
27926
27907
27877
27833
27716
27687
27674
27610
27590
27528
27426
27412
27336
27238
27232
27144
27067
27038
26973
26826
26754
26685
26664
26645
26599
26511
26504
26455
26385
26375
26338
26329
26154
25984
25905
25857
25802
25752
25726
25702
25696
25675
25647
25632
25611
25579
25551
25541
25533
25527
25520
25491
25425
25409
25389
25386
25351
25324
25247
25223
25200
25187
25079
25015
25010
25006
24923
24873
24848
24601
24568
24467
24461
24425
24373
24364
24311
24184
24134
24102
24021
23907
23884
23843
23808
23773
23709
23492
23473
23437
23403
23374
23295
23261
23260
23212
23126
23075
23047
23026
23023
22964
22930
22890
22881
22870
22784
22740
22624
22595
22575
22536
22497
22475
22442
22356
22268
22236
22121
22103
22043
22010
21983
21965
21886
21827
21816
21761
21760
21691
21628
21591
21588
21492
21477
21393
21185
21159
21083
20934
20893
20852
20838
20789
20785
20716
20713
20686
20663
20549
20386
20366
20323
20197
20184
20182
20163
20109
20108
20069
20041
19963
19933
19897
19894
19878
19725
19668
19659
19650
19490
19426
19326
19284
19279
19232
19201
19121
19040
18806
18780
18759
18750
18735
18628
18620
18588
18540
18536
18520
18492
18441
18432
18356
18337
18098
18069
18020
17974
17829
17785
17765
17737
17694
17661
17660
17590
17558
17554
17502
17395
17354
17345
17235
17233
17218
17209
17184
17154
17008
17000
16917
16749
16732
16717
16536
16399
16320
16313
16236
16112
16085
16007
15974
15891
15884
15863
15823
15767
15702
15633
15632
15535
15467
15464
15414
15355
15286
15227
15218
15175
15077
14984
14959
14922
14843
14839
14829
14825
14816
14719
14672
14661
14646
14641
14589
14504
