10000
32767
32767
32767
32767
32766
32765
32765
32765
32765
32765
32764
32763
32762
32762
32761
32761
32760
32760
32759
32759
32759
32758
32757
32756
32755
32755
32755
32755
32755
32754
32754
32753
32752
32752
32752
32752
32751
32750
32750
32749
32749
32749
32749
32749
32749
32749
32749
32748
32748
32748
32748
32748
32747
32747
32746
32745
32745
32744
32743
32743
32742
32741
32741
32741
32740
32739
32739
32738
32737
32736
32735
32735
32734
32734
32734
32734
32734
32734
32734
32734
32733
32732
32732
32732
32732
32731
32730
32729
32729
32728
32727
32726
32725
32725
32725
32724
32724
32723
32722
32722
32721
32721
32721
32720
32720
32719
32718
32717
32717
32716
32715
32715
32715
32714
32713
32713
32713
32713
32712
32711
32710
32709
32708
32708
32708
32708
32708
32708
32708
32707
32707
32707
32707
32707
32707
32707
32706
32706
32706
32705
32704
32704
32703
32703
32702
32701
32701
32701
32701
32701
32701
32700
32699
32698
32697
32697
32697
32697
32697
32697
32697
32697
32696
32695
32695
32694
32694
32694
32693
32693
32692
32691
32691
32691
32691
32690
32689
32689
32689
32688
32688
32688
32688
32687
32686
32685
32685
32685
32684
32683
32683
32683
32682
32682
32681
32681
32681
32681
32681
32680
32679
32678
32677
32677
32676
32675
32675
32674
32673
32672
32671
32670
32670
32669
32668
32668
32667
32667
32667
32666
32665
32665
32665
32664
32663
32662
32661
32661
32661
32660
32660
32660
32659
32659
32658
32658
32657
32657
32656
32655
32654
32653
32653
32652
32651
32651
32651
32650
32649
32648
32647
32646
32646
32645
32645
32644
32644
32643
32642
32642
32641
32641
32641
32641
32640
32640
32639
32638
32637
32636
32636
32636
32636
32636
32636
32636
32636
32635
32634
32634
32633
32633
32632
32632
32632
32631
32630
32630
32629
32629
32629
32628
32627
32626
32626
32626
32626
32626
32626
32626
32625
32624
32624
32624
32623
32623
32622
32621
32620
32620
32620
32619
32619
32618
32618
32618
32617
32616
32616
32616
32616
32615
32614
32614
32614
32613
32612
32611
32611
32611
32610
32609
32609
32609
32608
32608
32607
32606
32606
32606
32605
32605
32605
32604
32604
32604
32603
32602
32601
32601
32601
32601
32601
32601
32600
32599
32599
32599
32599
32599
32599
32599
32598
32597
32597
32596
32595
32595
32594
32593
32592
32591
32591
32591
32590
32589
32589
32588
32588
32588
32587
32587
32586
32585
32585
32585
32584
32584
32584
32583
32583
32582
32581
32580
32579
32579
32579
32578
32577
32576
32575
32575
32574
32573
32573
32572
32572
32571
32570
32570
32570
32569
32568
32567
32567
32567
32566
32565
32565
32564
32563
32563
32562
32561
32561
32560
32560
32560
32560
32560
32560
32559
32558
32557
32557
32557
32557
32557
32556
32555
32554
32553
32553
32552
32551
32551
32551
32550
32550
32549
32549
32548
32547
32547
32547
32547
32546
32546
32546
32546
32545
32545
32545
32545
32544
32544
32544
32544
32544
32544
32544
32544
32543
32543
32542
32542
32542
32542
32541
32541
32541
32541
32541
32540
32539
32539
32539
32539
32539
32539
32538
32537
32536
32536
32536
32535
32534
32533
32532
32532
32532
32532
32531
32531
32531
32530
32529
32529
32529
32529
32528
32527
32526
32525
32524
32524
32524
32524
32523
32522
32522
32521
32520
32520
32519
32519
32518
32518
32518
32518
32517
32516
32515
32514
32514
32514
32513
32512
32512
32511
32511
32510
32510
32509
32509
32509
32508
32507
32507
32506
32505
32505
32505
32504
32503
32502
32501
32500
32500
32500
32499
32498
32497
32496
32496
32496
32495
32494
32493
32492
32492
32492
32491
32491
32491
32490
32490
32490
32490
32489
32488
32487
32487
32487
32487
32486
32486
32486
32485
32484
32484
32484
32484
32484
32483
32482
32481
32480
32479
32479
32478
32477
32476
32476
32476
32475
32474
32473
32472
32472
32472
32471
32471
32470
32470
32470
32469
32468
32468
32467
32466
32465
32465
32465
32465
32464
32464
32464
32464
32464
32464
32463
32462
32461
32461
32460
32460
32460
32459
32459
32458
32457
32457
32457
32457
32457
32457
32457
32457
32457
32456
32455
32455
32454
32453
32453
32452
32452
32451
32451
32450
32449
32448
32447
32446
32446
32446
32445
32444
32443
32443
32442
32441
32441
32440
32440
32439
32438
32438
32438
32438
32438
32438
32437
32437
32437
32436
32435
32435
32435
32434
32433
32433
32433
32432
32432
32432
32431
32431
32431
32430
32429
32429
32428
32427
32426
32425
32425
32424
32423
32423
32423
32423
32423
32423
32422
32421
32420
32420
32420
32420
32419
32418
32418
32417
32417
32416
32416
32415
32415
32414
32413
32413
32413
32412
32411
32411
32411
32411
32410
32410
32409
32408
32408
32407
32407
32406
32405
32405
32404
32403
32402
32402
32401
32401
32401
32400
32400
32400
32400
32400
32400
32399
32399
32398
32398
32398
32397
32397
32397
32396
32395
32395
32394
32394
32393
32393
32392
32391
32391
32391
32390
32389
32389
32388
32388
32388
32387
32387
32386
32386
32385
32384
32383
32383
32383
32382
32381
32380
32379
32379
32379
32378
32378
32377
32377
32377
32377
32376
32375
32374
32374
32373
32373
32372
32372
32371
32370
32370
32369
32369
32368
32367
32366
32366
32366
32366
32366
32365
32364
32364
32363
32363
32363
32363
32363
32363
32363
32363
32362
32361
32360
32360
32359
32359
32358
32358
32357
32356
32355
32354
32353
32352
32351
32351
32351
32351
32351
32351
32351
32351
32351
32350
32350
32349
32348
32347
32347
32347
32347
32347
32346
32346
32346
32346
32346
32346
32345
32344
32344
32343
32343
32342
32341
32341
32341
32341
32340
32339
32339
32339
32339
32339
32338
32338
32338
32338
32337
32337
32336
32336
32336
32335
32335
32335
32334
32334
32334
32334
32334
32333
32332
32332
32332
32332
32332
32332
32332
32331
32330
32329
32328
32328
32327
32326
32326
32326
32325
32325
32325
32324
32324
32324
32324
32324
32324
32323
32322
32322
32322
32321
32320
32320
32320
32319
32319
32319
32318
32318
32317
32316
32316
32315
32315
32315
32314
32313
32312
32312
32312
32311
32310
32310
32309
32308
32307
32307
32307
32306
32306
32306
32305
32305
32304
32303
32303
32302
32302
32301
32300
32300
32300
32299
32299
32298
32297
32296
32295
32294
32293
32292
32292
32292
32291
32290
32289
32288
32288
32288
32287
32286
32285
32285
32284
32284
32284
32284
32284
32283
32283
32283
32282
32281
32281
32280
32279
32279
32279
32279
32279
32279
32278
32278
32277
32277
32276
32276
32276
32276
32275
32275
32274
32273
32273
32273
32273
32272
32272
32271
32271
32270
32270
32270
32270
32270
32270
32270
32270
32270
32269
32269
32269
32268
32268
32268
32267
32266
32265
32264
32263
32262
32261
32261
32260
32260
32260
32259
32259
32258
32257
32257
32256
32255
32254
32253
32252
32252
32252
32252
32251
32251
32251
32250
32250
32250
32250
32249
32248
32247
32246
32246
32245
32245
32244
32243
32243
32243
32242
32241
32240
32240
32239
32239
32239
32238
32238
32237
32237
32237
32236
32236
32236
32236
32235
32234
32234
32234
32233
32233
32233
32232
32231
32230
32229
32228
32228
32227
32227
32227
32227
32227
32226
32226
32225
32225
32225
32225
32224
32224
32224
32224
32223
32223
32222
32222
32221
32220
32219
32218
32218
32218
32217
32217
32216
32215
32215
32215
32215
32215
32214
32213
32212
32211
32210
32210
32209
32208
32208
32207
32207
32207
32207
32207
32207
32206
32205
32204
32204
32203
32203
32202
32202
32202
32202
32202
32201
32200
32200
32200
32199
32198
32197
32197
32197
32197
32197
32196
32195
32194
32193
32193
32193
32192
32192
32192
32191
32190
32189
32189
32188
32187
32186
32186
32185
32185
32185
32184
32184
32184
32183
32182
32182
32181
32181
32181
32181
32180
32179
32179
32179
32178
32178
32178
32177
32177
32177
32177
32177
32176
32176
32175
32175
32175
32175
32174
32173
32172
32172
32171
32170
32170
32170
32170
32169
32169
32169
32168
32167
32166
32166
32165
32164
32163
32163
32162
32161
32161
32161
32160
32160
32159
32159
32158
32158
32158
32158
32158
32157
32157
32157
32156
32156
32155
32154
32154
32153
32153
32153
32153
32153
32152
32152
32152
32152
32151
32151
32150
32149
32148
32148
32147
32146
32145
32145
32144
32143
32142
32142
32141
32141
32141
32140
32139
32139
32138
32137
32137
32137
32137
32137
32136
32135
32135
32135
32134
32134
32133
32133
32133
32133
32133
32133
32133
32133
32133
32133
32133
32133
32132
32131
32130
32129
32128
32127
32126
32125
32124
32124
32124
32123
32123
32122
32122
32122
32122
32122
32121
32120
32119
32118
32118
32117
32116
32115
32115
32114
32113
32112
32111
32110
32110
32109
32108
32107
32107
32106
32105
32104
32103
32102
32101
32101
32100
32099
32099
32098
32097
32097
32097
32097
32096
32095
32095
32094
32094
32093
32093
32093
32092
32092
32091
32090
32090
32090
32089
32089
32088
32088
32087
32087
32087
32087
32087
32087
32087
32087
32086
32086
32086
32085
32084
32083
32082
32082
32081
32080
32080
32080
32080
32080
32080
32079
32078
32077
32076
32076
32075
32074
32074
32074
32073
32072
32072
32071
32070
32070
32069
32069
32068
32068
32068
32067
32066
32066
32065
32064
32063
32063
32062
32062
32062
32061
32061
32061
32061
32060
32060
32060
32060
32059
32058
32057
32057
32057
32057
32057
32056
32055
32055
32054
32053
32053
32053
32052
32052
32052
32051
32050
32049
32049
32049
32049
32049
32049
32049
32048
32047
32047
32046
32046
32045
32045
32045
32044
32044
32044
32044
32043
32042
32041
32041
32041
32040
32039
32038
32037
32037
32036
32035
32034
32033
32033
32033
32033
32033
32033
32032
32032
32032
32031
32030
32029
32029
32028
32028
32027
32027
32027
32026
32026
32026
32026
32026
32026
32026
32026
32026
32026
32026
32025
32024
32023
32022
32022
32021
32021
32021
32021
32020
32019
32019
32019
32018
32017
32017
32017
32016
32015
32014
32013
32013
32012
32012
32011
32011
32010
32010
32010
32009
32008
32007
32007
32006
32006
32005
32004
32004
32004
32003
32003
32002
32001
32000
32000
32000
31999
31998
31998
31997
31997
31996
31996
31995
31994
31994
31994
31994
31993
31993
31993
31993
31993
31993
31993
31993
31992
31992
31992
31991
31990
31989
31988
31987
31986
31985
31985
31984
31983
31982
31982
31981
31981
31981
31980
31979
31979
31978
31978
31978
31978
31977
31977
31976
31976
31976
31976
31975
31974
31974
31973
31973
31972
31971
31971
31971
31971
31971
31970
31969
31969
31968
31968
31967
31967
31967
31967
31967
31966
31965
31965
31964
31964
31964
31963
31963
31962
31961
31960
31959
31958
31957
31957
31956
31956
31955
31954
31954
31954
31954
31953
31952
31951
31951
31950
31949
31948
31947
31947
31947
31947
31946
31945
31945
31945
31945
31944
31943
31942
31942
31942
31941
31941
31940
31940
31939
31939
31939
31938
31937
31936
31936
31935
31934
31934
31933
31932
31931
31930
31929
31929
31928
31927
31926
31925
31924
31924
31923
31923
31923
31922
31922
31922
31921
31921
31920
31919
31918
31917
31917
31917
31916
31915
31914
31914
31913
31912
31911
31911
31911
31911
31910
31909
31909
31909
31908
31907
31907
31906
31905
31904
31903
31902
31901
31901
31900
31899
31899
31898
31898
31898
31898
31898
31898
31898
31897
31896
31896
31896
31896
31895
31895
31894
31894
31894
31894
31893
31892
31891
31890
31889
31888
31887
31886
31886
31886
31885
31884
31883
31883
31883
31883
31882
31881
31880
31879
31879
31879
31878
31877
31877
31877
31877
31877
31876
31876
31875
31875
31874
31874
31873
31872
31872
31871
31870
31870
31869
31869
31869
31869
31868
31867
31866
31866
31866
31865
31864
31864
31863
31863
31862
31862
31862
31861
31860
31860
31859
31859
31859
31858
31857
31857
31856
31856
31856
31856
31856
31855
31855
31855
31854
31854
31853
31853
31853
31853
31853
31852
31851
31851
31851
31851
31851
31850
31849
31848
31847
31847
31847
31847
31847
31846
31845
31844
31844
31844
31843
31842
31842
31841
31840
31839
31839
31839
31839
31839
31839
31838
31837
31837
31837
31836
31835
31835
31834
31834
31833
31833
31833
31832
31831
31830
31829
31829
31828
31827
31827
31826
31826
31825
31825
31824
31823
31823
31822
31822
31822
31822
31822
31822
31821
31820
31819
31818
31818
31818
31817
31816
31815
31814
31813
31813
31812
31812
31811
31810
31810
31810
31809
31809
31808
31808
31808
31808
31808
31808
31808
31807
31806
31806
31805
31804
31803
31802
31801
31801
31800
31799
31799
31799
31798
31798
31797
31796
31796
31796
31796
31796
31795
31794
31794
31794
31794
31793
31792
31791
31790
31790
31790
31790
31790
31790
31789
31788
31787
31786
31786
31785
31785
31785
31785
31785
31784
31784
31784
31783
31782
31782
31781
31781
31780
31780
31780
31779
31779
31778
31778
31777
31776
31776
31775
31774
31773
31772
31771
31771
31770
31769
31768
31767
31766
31766
31766
31765
31764
31764
31763
31763
31763
31763
31763
31763
31763
31763
31762
31762
31761
31761
31761
31761
31761
31760
31759
31759
31758
31758
31757
31757
31757
31757
31756
31756
31755
31755
31755
31755
31754
31754
31754
31754
31754
31754
31753
31752
31752
31752
31751
31751
31751
31751
31751
31751
31750
31750
31749
31749
31749
31749
31749
31749
31749
31749
31749
31748
31748
31748
31748
31747
31747
31746
31745
31745
31745
31744
31743
31742
31742
31741
31740
31739
31739
31739
31738
31737
31736
31735
31735
31734
31733
31733
31732
31731
31731
31731
31731
31731
31731
31730
31730
31730
31729
31729
31729
31729
31728
31727
31726
31725
31724
31724
31723
31723
31722
31721
31720
31719
31718
31717
31716
31715
31715
31714
31714
31714
31714
31714
31713
31712
31712
31711
31710
31709
31709
31708
31707
31706
31706
31705
31704
31703
31703
31702
31701
31700
31699
31699
31698
31697
31696
31695
31694
31693
31693
31693
31692
31691
31691
31691
31690
31689
31689
31689
31689
31689
31688
31687
31686
31685
31685
31685
31684
31684
31683
31683
31683
31682
31682
31682
31681
31680
31680
31679
31679
31678
31677
31676
31675
31674
31673
31672
31671
31670
31670
31669
31669
31668
31668
31668
31668
31667
31667
31666
31666
31665
31664
31663
31663
31663
31663
31662
31662
31661
31661
31660
31659
31659
31659
31659
31659
31659
31658
31658
31657
31657
31657
31657
31656
31655
31655
31655
31655
31655
31654
31653
31653
31652
31651
31650
31649
31649
31648
31647
31647
31646
31645
31645
31645
31644
31643
31642
31642
31641
31640
31640
31639
31639
31638
31637
31637
31636
31635
31635
31634
31633
31632
31631
31630
31629
31629
31629
31629
31629
31628
31627
31627
31626
31626
31626
31626
31625
31625
31625
31625
31625
31624
31623
31622
31622
31622
31622
31622
31621
31621
31620
31620
31619
31618
31617
31617
31616
31615
31615
31614
31613
31613
31613
31612
31611
31610
31610
31610
31609
31608
31607
31606
31605
31605
31605
31604
31604
31603
31603
31603
31603
31603
31603
31603
31602
31601
31601
31601
31600
31600
31599
31599
31598
31598
31598
31598
31597
31597
31597
31596
31595
31595
31594
31594
31594
31593
31593
31593
31592
31591
31591
31590
31590
31590
31590
31590
31589
31589
31588
31588
31587
31586
31586
31586
31586
31585
31584
31584
31584
31583
31582
31582
31581
31581
31580
31580
31579
31579
31578
31578
31578
31577
31577
31577
31576
31575
31575
31574
31574
31573
31572
31571
31571
31570
31570
31570
31569
31568
31567
31566
31565
31565
31564
31563
31563
31562
31561
31561
31560
31560
31559
31559
31559
31558
31557
31557
31557
31556
31556
31555
31555
31555
31555
31555
31554
31553
31553
31552
31551
31551
31551
31550
31549
31549
31548
31547
31546
31545
31544
31543
31543
31542
31542
31542
31541
31540
31540
31539
31538
31537
31537
31536
31535
31535
31535
31535
31534
31534
31533
31532
31532
31531
31531
31530
31529
31529
31528
31528
31528
31528
31527
31526
31525
31524
31523
31522
31522
31521
31521
31521
31521
31520
31519
31519
31518
31518
31518
31518
31517
31517
31516
31516
31516
31515
31515
31514
31513
31512
31512
31511
31510
31509
31509
31508
31508
31507
31506
31505
31504
31504
31504
31503
31503
31502
31502
31502
31501
31500
31500
31499
31499
31498
31497
31496
31496
31496
31495
31495
31495
31495
31495
31494
31494
31493
31493
31492
31491
31491
31491
31491
31491
31490
31489
31488
31488
31488
31487
31487
31487
31487
31487
31487
31487
31486
31486
31485
31484
31483
31483
31483
31482
31482
31482
31481
31480
31479
31478
31477
31477
31476
31475
31474
31474
31474
31473
31473
31473
31473
31473
31472
31471
31470
31469
31468
31467
31467
31467
31466
31465
31465
31465
31464
31464
31463
31462
31462
31461
31460
31460
31460
31460
31459
31459
31458
31457
31457
31456
31455
31455
31454
31454
31453
31453
31453
31452
31451
31450
31450
31449
31448
31448
31447
31447
31447
31446
31446
31445
31445
31444
31444
31444
31443
31443
31443
31442
31441
31441
31441
31441
31441
31441
31441
31441
31440
31439
31439
31439
31439
31438
31437
31437
31436
31435
31435
31435
31435
31435
31434
31434
31433
31433
31432
31432
31432
31432
31432
31432
31432
31431
31431
31430
31429
31429
31429
31428
31428
31428
31427
31427
31427
31427
31426
31425
31425
31425
31424
31423
31422
31421
31421
31421
31420
31419
31418
31418
31417
31417
31416
31416
31416
31415
31414
31414
31413
31412
31411
31411
31411
31411
31410
31410
31409
31409
31408
31408
31407
31407
31407
31406
31405
31405
31404
31403
31403
31403
31403
31402
31401
31401
31400
31399
31399
31398
31397
31396
31395
31395
31394
31393
31393
31392
31391
31390
31390
31390
31389
31388
31388
31388
31388
31388
31388
31388
31387
31387
31387
31386
31386
31386
31386
31386
31386
31386
31385
31385
31384
31383
31382
31382
31382
31382
31381
31381
31380
31379
31378
31377
31377
31376
31375
31374
31374
31374
31374
31374
31374
31373
31372
31372
31372
31372
31372
31372
31371
31371
31370
31370
31369
31368
31368
31367
31366
31365
31364
31364
31364
31363
31363
31362
31361
31360
31360
31359
31359
31358
31357
31356
31355
31354
31353
31353
31352
31351
31350
31349
31349
31348
31347
31346
31345
31344
31344
31344
31344
31344
31344
31343
31343
31342
31341
31340
31339
31339
31338
31337
31337
31337
31336
31335
31335
31335
31334
31334
31334
31333
31332
31331
31330
31329
31328
31327
31326
31325
31325
31325
31325
31324
31323
31322
31322
31321
31321
31321
31320
31319
31318
31317
31316
31315
31315
31314
31313
31312
31311
31311
31310
31309
31308
31307
31306
31306
31305
31305
31305
31304
31303
31303
31303
31303
31303
31303
31303
31302
31301
31300
31300
31299
31299
31298
31298
31297
31297
31296
31296
31296
31295
31294
31294
31293
31292
31292
31292
31292
31291
31291
31290
31289
31288
31288
31288
31288
31288
31288
31287
31287
31287
31286
31286
31285
31284
31283
31283
31283
31282
31282
31282
31282
31282
31282
31282
31281
31280
31279
31279
31279
31278
31277
31276
31275
31275
31274
31274
31273
31272
31271
31270
31269
31269
31269
31269
31268
31267
31266
31265
31265
31265
31264
31263
31262
31262
31262
31261
31261
31261
31260
31260
31259
31258
31257
31257
31257
31257
31257
31256
31256
31256
31255
31255
31254
31254
31254
31253
31252
31251
31250
31249
31249
31249
31249
31249
31248
31248
31247
31246
31245
31245
31244
31244
31243
31243
31243
31243
31242
31241
31240
31239
31238
31238
31238
31238
31237
31237
31236
31235
31235
31234
31234
31234
31233
31233
31232
31232
31232
31231
31231
31231
31231
31231
31231
31230
31229
31228
31228
31227
31226
31225
31225
31224
31223
31223
31223
31222
31221
31221
31221
31221
31220
31220
31219
31219
31218
31217
31217
31216
31216
31215
31215
31215
31215
31215
31215
31215
31214
31214
31214
31214
31214
31213
31212
31212
31211
31211
31210
31210
31210
31209
31208
31208
31208
31207
31206
31205
31205
31204
31204
31203
31203
31202
31201
31200
31200
31199
31199
31199
31199
31199
31199
31199
31199
31198
31198
31198
31197
31196
31195
31195
31195
31195
31195
31195
31195
31195
31194
31193
31192
31191
31191
31191
31191
31191
31191
31191
31191
31191
31191
31190
31189
31188
31188
31187
31186
31186
31186
31185
31185
31185
31185
31185
31185
31184
31184
31183
31183
31183
31183
31182
31181
31180
31180
31179
31179
31178
31178
31177
31177
31176
31176
31176
31176
31175
31175
31175
31174
31173
31172
31172
31172
31172
31172
31171
31171
31170
31170
31170
31169
31169
31168
31167
31167
31167
31167
31167
31167
31166
31165
31164
31163
31162
31161
31160
31159
31159
31159
31158
31157
31157
31157
31156
31155
31155
31154
31154
31153
31152
31152
31152
31151
31150
31150
31150
31150
31149
31148
31147
31146
31146
31145
31144
31143
31143
31142
31142
31142
31142
31142
31141
31141
31140
31140
31139
31138
31137
31136
31135
31135
31134
31134
31133
31133
31133
31133
31133
31132
31131
31130
31130
31130
31130
31130
31130
31130
31130
31130
31129
31129
31129
31128
31128
31127
31127
31126
31126
31125
31125
31124
31123
31123
31123
31122
31121
31120
31120
31119
31118
31118
31118
31118
31117
31117
31117
31116
31115
31114
31114
31113
31112
31111
31111
31110
31109
31108
31107
31107
31106
31106
31106
31105
31105
31105
31105
31105
31104
31104
31104
31104
31103
31102
31101
31100
31099
31099
31098
31097
31096
31096
31095
31095
31094
31094
31093
31093
31093
31093
31093
31092
31092
31091
31091
31091
31091
31091
31090
31089
31089
31088
31087
31087
31087
31087
31086
31085
31085
31085
31084
31084
31084
31083
31082
31081
31080
31080
31080
31080
31080
31080
31080
31080
31079
31078
31078
31078
31077
31076
31075
31075
31074
31073
31073
31073
31073
31072
31071
31070
31069
31069
31068
31067
31066
31065
31065
31065
31064
31063
31062
31062
31061
31060
31059
31059
31058
31058
31058
31057
31056
31055
31055
31055
31054
31054
31054
31053
31052
31052
31052
31052
31051
31051
31051
31051
31050
31049
31049
31049
31049
31049
31049
31049
31048
31047
31047
31046
31046
31046
31046
31045
31044
31043
31043
31043
31043
31042
31042
31042
31041
31040
31040
31039
31039
31038
31037
31036
31035
31034
31033
31033
31032
31031
31031
31031
31031
31031
31030
31029
31029
31028
31027
31027
31026
31026
31026
31026
31025
31024
31023
31023
31022
31022
31022
31022
31021
31020
31020
31019
31018
31017
31016
31016
31016
31015
31014
31014
31013
31012
31011
31011
31011
31010
31010
31009
31008
31008
31007
31006
31005
31005
31005
31005
31005
31005
31004
31003
31003
31003
31003
31002
31002
31002
31002
31001
31000
31000
31000
31000
31000
30999
30999
30998
30997
30997
30997
30997
30996
30996
30996
30995
30994
30994
30994
30993
30993
30993
30992
30992
30992
30992
30992
30992
30992
30992
30991
30991
30991
30990
30990
30989
30989
30989
30989
30989
30988
30988
30988
30988
30988
30988
30987
30987
30986
30986
30986
30985
30985
30984
30984
30984
30983
30982
30981
30980
30979
30978
30978
30977
30977
30976
30976
30975
30974
30973
30972
30971
30970
30969
30968
30967
30967
30966
30965
30965
30964
30963
30962
30961
30960
30959
30958
30957
30957
30956
30955
30955
30954
30953
30952
30951
30950
30949
30948
30948
30947
30946
30946
30945
30945
30944
30943
30942
30941
30940
30939
30938
30937
30937
30937
30937
30936
30936
30935
30935
30935
30935
30935
30934
30934
30934
30934
30934
30934
30934
30933
30933
30932
30932
30931
30931
30930
30930
30929
30928
30927
30927
30926
30926
30926
30926
30926
30925
30924
30923
30922
30922
30921
30921
30921
30920
30920
30920
30920
30920
30919
30918
30917
30917
30916
30916
30915
30915
30914
30913
30913
30912
30912
30911
30911
30911
30910
30909
30909
30909
30908
30907
30907
30907
30906
30906
30906
30905
30905
30905
30905
30904
30904
30903
30903
30903
30902
30901
30901
30900
30900
30900
30900
30899
30898
30898
30898
30898
30897
30897
30897
30896
30896
30896
30896
30896
30895
30895
30895
30894
30894
30894
30893
30893
30892
30891
30890
30889
30889
30888
30887
30887
30887
30887
30887
30886
30885
30885
30885
30885
30885
30885
30884
30884
30883
30882
30881
30881
30880
30880
30879
30878
30877
30877
30876
30875
30874
30874
30873
30872
30872
30872
30872
30871
30871
30871
30870
30869
30869
30869
30868
30867
30866
30866
30865
30865
30865
30865
30864
30864
30863
30862
30862
30862
30862
30861
30860
30860
30859
30859
30859
30858
30858
30858
30858
30858
30857
30857
30856
30855
30854
30853
30852
30851
30850
30849
30848
30848
30847
30847
30847
30847
30847
30846
30845
30845
30844
30843
30842
30842
30842
30842
30841
30841
30841
30841
30841
30840
30840
30840
30839
30839
30839
30838
30838
30837
30836
30835
30835
30834
30834
30833
30833
30833
30832
30831
30831
30830
30829
30829
30829
30828
30828
30827
30826
30826
30825
30825
30825
30825
30825
30825
30824
30823
30822
30822
30822
30822
30822
30822
30822
30822
30822
30821
30821
30820
30820
30820
30820
30820
30819
30818
30818
30818
30818
30818
30818
30817
30816
30815
30815
30815
30815
30815
30814
30814
30813
30812
30812
30812
30811
30810
30810
30809
30809
30808
30807
30806
30805
30804
30803
30802
30801
30801
30800
30800
30800
30799
30799
30799
30799
30798
30798
30798
30797
30797
30797
30796
30795
30795
30794
30793
30792
30791
30791
30791
30790
30790
30789
30789
30788
30787
30787
30787
30787
30787
30787
30786
30786
30785
30785
30784
30783
30782
30781
30780
30780
30779
30778
30778
30777
30777
30776
30776
30775
30775
30774
30773
30773
30772
30772
30771
30771
30770
30770
30770
30769
30769
30769
30768
30767
30767
30767
30767
30767
30766
30766
30766
30765
30764
30764
30763
30762
30761
30761
30760
30759
30758
30758
30757
30756
30755
30755
30754
30753
30752
30752
30752
30751
30751
30750
30749
30748
30747
30747
30747
30747
30747
30747
30746
30745
30744
30743
30742
30741
30741
30741
30741
30740
30740
30740
30739
30739
30738
30737
30736
30735
30735
30735
30735
30735
30735
30735
30735
30734
30734
30733
30732
30731
30730
30729
30729
30728
30728
30727
30726
30726
30725
30724
30724
30724
30723
30723
30723
30723
30722
30721
30721
30721
30720
30719
30719
30718
30717
30716
30715
30714
30713
30712
30712
30712
30711
30711
30710
30709
30708
30708
30708
30708
30707
30706
30706
30705
30705
30705
30705
30704
30703
30703
30703
30703
30702
30701
30700
30699
30698
30698
30697
30697
30696
30696
30695
30695
30695
30694
30693
30692
30691
30690
30689
30688
30688
30688
30688
30687
30686
30685
30684
30683
30683
30682
30681
30680
30680
30680
30680
30679
30679
30678
30678
30678
30678
30677
30676
30675
30674
30674
30674
30674
30674
30674
30673
30672
30672
30671
30671
30671
30670
30670
30670
30669
30669
30669
30668
30668
30667
30666
30665
30664
30664
30664
30664
30663
30662
30662
30662
30661
30660
30660
30659
30658
30658
30658
30657
30657
30656
30655
30654
30654
30654
30654
30653
30652
30652
30651
30651
30650
30649
30649
30649
30648
30648
30648
30647
30646
30645
30644
30644
30643
30643
30643
30643
30643
30642
30641
30641
30641
30640
30640
30639
30638
30638
30637
30636
30635
30635
30635
30635
30635
30635
30634
30633
30632
30631
30630
30630
30630
30629
30629
30629
30628
30627
30627
30627
30626
30625
30625
30624
30623
30623
30622
30621
30620
30619
30619
30618
30617
30616
30615
30615
30615
30615
30615
30614
30613
30613
30613
30613
30612
30611
30610
30609
30608
30608
30608
30607
30607
30607
30607
30606
30606
30606
30605
30605
30605
30604
30604
30603
30602
30602
30602
30601
30601
30601
30601
30601
30600
30600
30599
30598
30597
30596
30596
30596
30595
30595
30594
30594
30593
30593
30593
30592
30592
30591
30591
30590
30590
30590
30590
30590
30590
30590
30589
30588
30588
30588
30588
30588
30588
30588
30587
30587
30586
30586
30586
30586
30586
30585
30584
30584
30584
30583
30582
30582
30582
30582
30582
30581
30580
30580
30579
30578
30577
30576
30576
30576
30575
30575
30575
30575
30575
30574
30573
30573
30573
30572
30572
30571
30571
30570
30569
30568
30567
30566
30566
30566
30566
30566
30565
30564
30563
30563
30562
30561
30561
30561
30561
30561
30560
30559
30558
30557
30557
30556
30555
30555
30554
30554
30554
30554
30554
30553
30553
30553
30552
30551
30551
30551
30550
30549
30549
30549
30549
30548
30548
30547
30547
30546
30546
30545
30544
30544
30544
30544
30543
30543
30543
30542
30541
30541
30540
30540
30540
30539
30538
30538
30538
30537
30537
30536
30535
30534
30534
30534
30533
30532
30531
30531
30530
30529
30529
30529
30529
30529
30529
30528
30527
30527
30527
30526
30526
30525
30525
30525
30524
30524
30523
30522
30522
30521
30520
30520
30519
30519
30518
30517
30516
30516
30516
30515
30515
30514
30513
30513
30513
30513
30512
30511
30511
30510
30509
30509
30508
30508
30508
30508
30508
30507
30507
30506
30506
30505
30505
30504
30504
30504
30504
30503
30502
30501
30500
30499
30499
30498
30498
30497
30497
30496
30496
30495
30495
30494
30493
30493
30492
30492
30492
30491
30491
30490
30489
30488
30488
30487
30487
30486
30486
30486
30486
30485
30485
30485
30484
30483
30483
30483
30483
30482
30481
30480
30480
30479
30478
30477
30477
30476
30476
30475
30475
30474
30474
30473
30472
30471
30471
30471
30470
30469
30468
30468
30467
30467
30466
30465
30465
30464
30464
30463
30462
30461
30461
30461
30460
30459
30459
30459
30458
30458
30457
30457
30457
30456
30456
30456
30455
30455
30455
30455
30454
30454
30453
30452
30451
30451
30451
30451
30450
30450
30449
30449
30449
30449
30448
30447
30447
30447
30447
30447
30446
30446
30446
30445
30445
30444
30443
30442
30441
30440
30440
30440
30439
30439
30439
30439
30439
30438
30438
30438
30438
30437
30436
30435
30435
30435
30434
30434
30433
30433
30432
30431
30430
30429
30428
30428
30428
30428
30428
30427
30426
30425
30424
30424
30423
30422
30421
30420
30420
30420
30419
30419
30418
30417
30417
30416
30416
30415
30415
30414
30413
30413
30413
30413
30413
30412
30411
30410
30410
30410
30409
30409
30408
30407
30406
30406
30406
30406
30406
30405
30405
30405
30404
30404
30404
30403
30402
30402
30402
30402
30402
30402
30402
30402
30401
30401
30400
30400
30399
30398
30398
30397
30396
30395
30394
30394
30394
30393
30392
30392
30392
30392
30391
30390
30389
30389
30389
30389
30389
30389
30388
30388
30388
30388
30388
30387
30386
30386
30386
30386
30386
30385
30385
30384
30384
30384
30384
30384
30384
30383
30383
30383
30383
30382
30382
30382
30381
30380
30379
30379
30379
30379
30378
30377
30376
30376
30375
30375
30375
30374
30374
30374
30374
30374
30374
30374
30373
30373
30372
30371
30371
30371
30370
30370
30369
30368
30367
30366
30365
30365
30365
30364
30363
30362
30361
30360
30360
30360
30360
30359
30358
30357
30356
30355
30355
30354
30354
30354
30354
30353
30353
30352
30352
30352
30351
30351
30351
30351
30350
30350
30350
30349
30348
30347
30346
30345
30344
30343
30342
30342
30342
30342
30341
30341
30341
30340
30339
30339
30338
30337
30337
30336
30335
30335
30334
30333
30332
30332
30332
30332
30332
30331
30331
30330
30330
30330
30330
30329
30329
30329
30328
30327
30327
30326
30326
30326
30325
30324
30324
30324
30324
30323
30323
30322
30321
30320
30320
30319
30319
30318
30318
30317
30317
30317
30316
30316
30315
30315
30315
30315
30314
30313
30313
30313
30312
30312
30311
30310
30310
30309
30308
30307
30306
30305
30304
30303
30302
30301
30300
30299
30298
30297
30297
30296
30295
30295
30294
30294
30293
30293
30292
30292
30292
30291
30291
30290
30290
30290
30290
30289
30288
30287
30287
30287
30286
30286
30286
30285
30284
30283
30283
30283
30283
30283
30282
30282
30282
30282
30282
30282
30281
30280
30279
30278
30277
30277
30276
30276
30276
30276
30275
30274
30273
30273
30272
30272
30272
30272
30271
30270
30269
30269
30268
30268
30268
30267
30266
30265
30264
30263
30263
30262
30262
30262
30261
30260
30259
30259
30258
30257
30256
30255
30255
30254
30253
30252
30252
30252
30252
30251
30250
30250
30250
30250
30249
30249
30249
30249
30248
30248
30248
30247
30247
30246
30246
30245
30245
30244
30244
30243
30243
30242
30241
30240
30239
30239
30239
30239
30239
30239
30239
30239
30238
30237
30237
30236
30235
30234
30234
30233
30233
30232
30232
30231
30231
30231
30230
30230
30229
30228
30228
30228
30227
30227
30226
30226
30225
30224
30223
30222
30221
30220
30219
30219
30219
30219
30218
30217
30217
30217
30217
30217
30217
30216
30216
30216
30216
30216
30215
30214
30213
30212
30211
30211
30211
30211
30211
30210
30210
30209
30208
30208
30208
30208
30208
30208
30208
30207
30207
30206
30206
30206
30205
30204
30203
30202
30202
30202
30201
30201
30201
30201
30200
30199
30199
30198
30197
30196
30195
30194
30194
30194
30193
30192
30192
30192
30192
30191
30191
30190
30189
30188
30187
30187
30187
30187
30186
30186
30185
30185
30184
30183
30182
30182
30181
30180
30180
30179
30178
30178
30177
30176
30175
30175
30174
30173
30173
30173
30172
30172
30172
30171
30171
30171
30171
30170
30169
30168
30167
30167
30167
30166
30165
30165
30164
30164
30163
30162
30161
30161
30161
30160
30159
30159
30158
30158
30158
30158
30157
30157
30157
30156
30155
30155
30154
30153
30153
30152
30152
30152
30151
30151
30150
30149
30148
30147
30146
30145
30144
30144
30143
30142
30142
30142
30141
30141
30140
30140
30140
30139
30139
30138
30138
30137
30136
30135
30135
30135
30134
30134
30134
30134
30134
30134
30134
30134
30134
30134
30133
30133
30133
30133
30132
30132
30132
30131
30130
30129
30128
30127
30126
30126
30126
30126
30126
30126
30126
30126
30125
30125
30125
30124
30123
30123
30122
30121
30121
30120
30119
30119
30119
30119
30119
30119
30119
30118
30118
30117
30117
30117
30116
30115
30115
30115
30115
30115
30115
30114
30114
30113
30112
30112
30112
30111
30110
30109
30109
30109
30108
30108
30108
30107
30106
30105
30105
30104
30104
30103
30102
30102
30101
30100
30099
30099
30098
30097
30097
30096
30096
30096
30096
30095
30094
30094
30093
30092
30092
30091
30090
30090
30089
30089
30089
30088
30087
30087
30086
30086
30086
30085
30084
30084
30083
30082
30082
30082
30081
30080
30080
30079
30079
30078
30078
30078
30078
30078
30077
30076
30075
30075
30075
30075
30075
30075
30074
30073
30073
30073
30072
30072
30071
30070
30070
30070
30069
30069
30068
30067
30067
30067
30067
30067
30066
30066
30066
30066
30066
30065
30064
30064
30063
30062
30061
30060
30060
30059
30058
30058
30057
30056
30056
30056
30056
30055
30054
30054
30054
30054
30054
30053
30053
30052
30052
30052
30051
30050
30050
30049
30048
30048
30048
30048
30048
30048
30048
30047
30046
30045
30044
30043
30042
30042
30041
30041
30040
30040
30039
30038
30038
30037
30037
30037
30037
30036
30036
30035
30035
30034
30034
30033
30032
30031
30031
30031
30031
30030
30030
30030
30029
30028
30027
30026
30025
30024
30023
30022
30022
30022
30021
30020
30020
30019
30019
30019
30018
30018
30017
30017
30017
30017
30017
30016
30016
30015
30014
30014
30014
30014
30014
30014
30013
30013
30012
30012
30012
30012
30011
30011
30011
30011
30010
30010
30010
30009
30009
30009
30009
30009
30009
30009
30008
30007
30007
30007
30006
30006
30006
30006
30006
30005
30004
30004
30004
30004
30004
30004
30003
30002
30001
30001
30000
29999
29998
29998
29997
29997
29997
29997
29996
29995
29995
29994
29993
29992
29991
29991
29990
29990
29989
29989
29988
29988
29987
29987
29987
29986
29985
29985
29984
29983
29983
29983
29983
29983
29982
29981
29981
29980
29980
29979
29979
29978
29978
29978
29978
29977
29976
29975
29975
29974
29973
29973
29972
29971
29970
29969
29968
29968
29968
29967
29966
29966
29966
29966
29965
29964
29964
29963
29962
29961
29961
29960
29959
29959
29958
29958
29957
29957
29957
29957
29957
29956
29955
29955
29954
29954
29954
29953
29952
29952
29951
29951
29951
29951
29950
29949
29949
29948
29947
29947
29946
29945
29944
29943
29943
29942
29941
29940
29939
29938
29937
29936
29935
29934
29934
29934
29934
29933
29933
29933
29933
29932
29932
29932
29932
29932
29931
29931
29931
29930
29929
29928
29928
29928
29928
29928
29927
29926
29925
29924
29924
29923
29923
29923
29922
29922
29922
29922
29922
29922
29921
29921
29921
29921
29920
29920
29919
29918
29917
29916
29915
29915
29915
29915
29914
29914
29913
29912
29911
29911
29910
29909
29908
29907
29906
29906
29905
29905
29905
29904
29903
29903
29902
29901
29901
29901
29901
29901
29901
29900
29899
29899
29899
29898
29898
29898
29897
29896
29896
29895
29895
29894
29893
29893
29893
29893
29893
29893
29892
29891
29891
29891
29890
29890
29889
29889
29889
29889
29889
29888
29887
29887
29886
29886
29885
29885
29885
29884
29883
29883
29882
29881
29881
29881
29880
29880
29880
29879
29879
29879
29879
29879
29879
29879
29878
29878
29877
29876
29875
29875
29875
29874
29873
29873
29872
29871
29871
29870
29870
29869
29869
29869
29868
29868
29867
29866
29865
29864
29863
29862
29861
29861
29861
29860
29860
29859
29858
29857
29857
29856
29856
29855
29854
29853
29852
29852
29851
29850
29849
29848
29848
29847
29847
29846
29845
29844
29843
29842
29842
29841
29841
29840
29839
29838
29837
29837
29836
29835
29835
29835
29835
29835
29834
29833
29833
29832
29832
29831
29830
29830
29829
29828
29827
29826
29825
29824
29823
29823
29822
29822
29821
29821
29820
29820
29819
29818
29818
29818
29817
29816
29815
29815
29814
29814
29813
29813
29812
29812
29812
29811
29811
29811
29811
29811
29811
29811
29810
29810
29809
29809
29808
29807
29806
29805
29805
29805
29805
29804
29803
29803
29802
29802
29802
29802
29801
29801
29801
29801
29800
29799
29798
29797
29797
29797
29797
29797
29796
29795
29795
29794
29793
29793
29793
29793
29793
29792
29792
29792
29792
29791
29791
29790
29789
29788
29788
29787
29786
29786
29786
29786
29786
29785
29784
29784
29784
29784
29783
29782
29781
29780
29780
29780
29780
29779
29778
29777
29776
29775
29775
29775
29775
29775
29774
29774
29774
29774
29773
29772
29772
29772
29772
29771
29770
29769
29768
29768
29768
29768
29768
29768
29767
29766
29766
29766
29766
29766
29765
29765
29765
29765
29764
29764
29763
29763
29762
29762
29762
29762
29761
29760
29759
29758
29758
29757
29756
29755
29755
29755
29754
29754
29754
29753
29752
29751
29751
29750
29749
29749
29749
29749
29749
29749
29748
29747
29746
29746
29746
29746
29745
29744
29744
29744
29744
29743
29742
29741
29741
29741
29741
29740
29740
29740
29740
29740
29739
29738
29737
29736
29735
29735
29735
29735
29735
29734
29734
29734
29734
29733
29732
29732
29731
29731
29730
29730
29729
29728
29727
29727
29727
29726
29725
29725
29724
29724
29723
29722
29721
29721
29721
29721
29721
29720
29720
29720
29719
29719
29719
29718
29718
29718
29718
29717
29717
29716
29715
29714
29713
29713
29713
29712
29712
29712
29712
29711
29710
29710
29710
29710
29709
29709
29709
29709
29708
29708
29707
29707
29706
29705
29705
29704
29703
29702
29702
29701
29700
29699
29699
29699
29699
29698
29697
29697
29696
29695
29695
29695
29695
29695
29694
29694
29693
29693
29693
29692
29691
29691
29691
29691
29691
29691
29691
29691
29691
29690
29689
29688
29687
29687
29687
29686
29686
29686
29685
29685
29684
29684
29683
29682
29681
29680
29679
29679
29679
29679
29679
29679
29679
29679
29679
29678
29678
29677
29676
29676
29675
29675
29675
29675
29674
29673
29672
29671
29671
29671
29670
29670
29670
29669
29668
29667
29666
29666
29666
29665
29664
29664
29663
29662
29661
29660
29659
29658
29657
29656
29655
29655
29654
29654
29653
29653
29653
29652
29652
29651
29651
29650
29650
29650
29650
29649
29649
29649
29648
29647
29647
29646
29645
29645
29644
29644
29643
29643
29642
29642
29641
29641
29641
29640
29640
29640
29640
29639
29638
29638
29637
29636
29636
29635
29634
29634
29633
29633
29633
29632
29631
29631
29630
29630
29630
29629
29628
29627
29627
29627
29626
29625
29625
29624
29623
29622
29622
29622
29621
29621
29620
29619
29618
29617
29617
29616
29615
29615
29615
29615
29614
29614
29613
29612
29612
29612
29611
29611
29610
29609
29609
29608
29608
29608
29608
29607
29606
29606
29606
29606
29605
29604
29603
29603
29603
29603
29602
29602
29602
29601
29600
29599
29598
29598
29597
29596
29595
29594
29594
29593
29592
29591
29591
29590
29589
29588
29587
29586
29586
29585
29584
29583
29582
29582
29581
29580
29579
29579
29578
29577
29576
29575
29575
29574
29574
29573
29572
29572
29571
29571
29570
29570
29570
29570
29569
29568
29568
29568
29567
29566
29566
29565
29564
29564
29564
29564
29564
29563
29562
29562
29562
29561
29560
29560
29560
29559
29559
29559
29558
29557
29557
29556
29556
29555
29554
29554
29553
29553
29553
29552
29551
29550
29550
29549
29548
29547
29546
29545
29544
29544
29544
29543
29543
29543
29543
29542
29542
29542
29542
29542
29541
29540
29539
29539
29539
29539
29539
29538
29538
29537
29536
29536
29535
29535
29534
29533
29533
29532
29532
29531
29531
29531
29530
29529
29528
29528
29528
29527
29527
29527
29527
29527
29526
29526
29525
29525
29524
29523
29523
29523
29522
29522
29522
29522
29522
29521
29521
29521
29521
29521
29520
29520
29519
29519
29519
29519
29519
29518
29517
29517
29516
29515
29515
29514
29513
29513
29512
29512
29511
29511
29511
29511
29510
29510
29510
29510
29510
29510
29509
29508
29508
29508
29508
29507
29506
29506
29505
29505
29505
29505
29505
29505
29504
29504
29503
29502
29501
29500
29500
29499
29498
29498
29497
29497
29496
29495
29494
29494
29493
29492
29491
29491
29490
29490
29490
29490
29490
29490
29490
29490
29490
29490
29489
29488
29488
29488
29488
29488
29488
29488
29488
29488
29487
29486
29486
29485
29484
29483
29482
29481
29480
29479
29479
29478
29477
29476
29476
29475
29475
29474
29473
29473
29473
29472
29471
29470
29470
29469
29469
29468
29468
29468
29467
29466
29466
29466
29465
29465
29464
29464
29463
29463
29462
29461
29460
29459
29458
29458
29457
29457
29456
29456
29455
29455
29455
29454
29454
29454
29454
29453
29453
29452
29451
29451
29451
29451
29451
29450
29450
29449
29448
29447
29447
29447
29446
29446
29446
29446
29446
29446
29446
29445
29445
29444
29444
29444
29444
29443
29443
29443
29442
29441
29440
29439
29438
29438
29438
29438
29437
29436
29436
29435
29435
29434
29434
29433
29433
29432
29432
29431
29431
29430
29429
29429
29429
29429
29429
29429
29429
29428
29427
29427
29426
29425
29424
29423
29422
29421
29421
29420
29419
29418
29418
29418
29417
29417
29416
29415
29415
29415
29415
29415
29414
29413
29412
29412
29411
29411
29410
29409
29409
29409
29409
29408
29408
29408
29407
29407
29406
29406
29405
29405
29405
29404
29404
29403
29403
29403
29403
29403
29402
29402
29401
29401
29401
29400
29399
29399
29398
29397
29396
29395
29394
29394
29393
29393
29393
29393
29392
29392
29391
29390
29390
29389
29389
29389
29388
29388
29387
29387
29387
29386
29385
29385
29385
29385
29384
29384
29384
29383
29383
29382
29382
29381
29381
29381
29381
29380
29379
29378
29377
29376
29375
29375
29374
29373
29373
29372
29372
29372
29372
29372
29371
29371
29371
29370
29370
29370
29370
29369
29369
29368
29368
29367
29367
29367
29366
29366
29366
29365
29365
29364
29363
29363
29362
29361
29361
29360
29360
29360
29360
29359
29358
29357
29357
29357
29356
29355
29354
29353
29352
29352
29352
29351
29351
29350
29350
29350
29349
29349
29349
29349
29349
29348
29347
29346
29345
29344
29344
29344
29344
29343
29342
29342
29341
29341
29341
29341
29341
29341
29340
29339
29339
29339
29338
29337
29336
29336
29335
29334
29334
29333
29332
29332
29332
29331
29331
29331
29330
29330
29329
29328
29328
29327
29326
29326
29326
29325
29324
29324
29324
29324
29324
29323
29323
29322
29321
29321
29321
29320
29319
29318
29317
29317
29316
29315
29314
29313
29312
29312
29312
29311
29311
29310
29309
29309
29309
29309
29308
29307
29307
29306
29306
29305
29305
29305
29305
29305
29305
29304
29303
29303
29303
29302
29302
29301
29301
29301
29300
29300
29299
29298
29298
29297
29296
29296
29296
29296
29296
29295
29294
29294
29293
29293
29293
29293
29293
29293
29293
29292
29292
29291
29291
29291
29291
29290
29290
29289
29289
29289
29289
29288
29287
29286
29286
29285
29285
29285
29285
29284
29284
29283
29283
29283
29282
29281
29281
29280
29280
29280
29279
29278
29278
29278
29278
29278
29277
29276
29275
29274
29273
29273
29273
29273
29273
29272
29271
29270
29270
29269
29268
29267
29267
29267
29267
29267
29266
29266
29265
29264
29263
29263
29262
29262
29262
29262
29262
29261
29261
29261
29260
29260
29259
29259
29258
29257
29257
29256
29256
29256
29255
29254
29253
29252
29251
29250
29249
29249
29248
29247
29246
29245
29245
29245
29244
29243
29242
29242
29242
29242
29241
29240
29240
29240
29240
29240
29239
29239
29238
29238
29238
29237
29236
29235
29235
29234
29233
29232
29232
29232
29231
29231
29230
29229
29228
29228
29228
29227
29226
29225
29225
29224
29223
29222
29222
29222
29222
29222
29221
29221
29221
29221
29221
29220
29220
29219
29219
29218
29218
29217
29216
29216
29215
29215
29215
29214
29213
29212
29212
29212
29212
29211
29211
29211
29210
29210
29210
29210
29209
29209
29209
29209
29208
29208
29208
29208
29207
29206
29205
29205
29205
29204
29203
29203
29203
29203
29203
29203
29202
29201
29200
29200
29199
29199
29199
29198
29198
29197
29197
29196
29195
29194
29194
29194
29193
29193
29193
29193
29193
29192
29191
29190
29190
29189
29188
29187
29187
29187
29186
29185
29185
29184
29183
29182
29182
29182
29182
29182
29182
29182
29181
29180
29179
29178
29177
29176
29175
29175
29174
29174
29174
29174
29173
29173
29173
29173
29172
29172
29172
29172
29171
29170
29170
29169
29169
29169
29169
29168
29168
29167
29166
29166
29165
29164
29163
29163
29162
29162
29162
29162
29161
29160
29160
29160
29160
29160
29159
29159
29158
29157
29156
29155
29154
29153
29152
29152
29151
29150
29149
29148
29148
29147
29146
29145
29144
29144
29144
29143
29142
29141
29140
29140
29140
29139
29138
29138
29138
29138
29137
29137
29137
29136
29135
29134
29133
29132
29131
29130
29129
29129
29128
29127
29126
29125
29125
29124
29123
29123
29122
29121
29121
29121
29121
29120
29120
29120
29120
29119
29119
29119
29118
29117
29116
29115
29114
29113
29113
29113
29112
29112
29112
29111
29110
29109
29109
29109
29109
29108
29107
29106
29105
29105
29105
29105
29104
29103
29103
29103
29102
29102
29101
29100
29099
29098
29098
29097
29097
29096
29096
29096
29096
29096
29096
29095
29094
29093
29092
29091
29091
29090
29090
29090
29090
29089
29089
29088
29088
29087
29086
29085
29084
29084
29084
29084
29083
29082
29081
29081
29081
29080
29080
29079
29078
29078
29077
29077
29076
29076
29075
29075
29074
29073
29073
29072
29072
29072
29072
29071
29071
29070
29069
29069
29069
29068
29068
29067
29067
29066
29065
29065
29064
29064
29064
29064
29064
29064
29064
29064
29064
29064
29063
29062
29062
29061
29060
29059
29059
29058
29057
29057
29056
29056
29055
29054
29054
29054
29054
29054
29054
29054
29054
29053
29052
29051
29050
29049
29048
29047
29046
29045
29045
29044
29043
29043
29042
29042
29041
29041
29041
29040
29039
29039
29039
29038
29038
29037
29036
29036
29036
29036
29035
29034
29034
29033
29032
29031
29030
29030
29030
29029
29029
29029
29028
29028
29027
29027
29027
29026
29025
29025
29024
29024
29024
29024
29023
29023
29022
29021
29021
29021
29020
29020
29020
29020
29019
29019
29019
29019
29018
29017
29017
29016
29015
29014
29014
29014
29014
29014
29014
29014
29014
29013
29013
29012
29012
29012
29012
29012
29012
29011
29010
29009
29009
29009
29008
29008
29007
29006
29006
29005
29005
29004
29003
29003
29002
29001
29001
29000
28999
28999
28998
28997
28996
28996
28996
28996
28996
28995
28994
28993
28992
28991
28990
28989
28989
28989
28989
28988
28987
28987
28987
28987
28987
28987
28987
28986
28985
28984
28983
28982
28981
28981
28980
28980
28980
28979
28979
28979
28979
28979
28979
28979
28979
28979
28978
28978
28977
28976
28976
28975
28974
28974
28973
28972
28971
28971
28970
28969
28968
28967
28966
28965
28965
28964
28963
28962
28961
28961
28960
28960
28959
28959
28958
28958
28958
28957
28957
28956
28956
28956
28955
28955
28955
28955
28954
28953
28952
28952
28952
28951
28950
28950
28949
28948
28947
28946
28946
28946
28945
28945
28944
28943
28943
28943
28942
28942
28942
28942
28941
28940
28939
28939
28938
28938
28938
28938
28937
28936
28936
28935
28934
28934
28933
28932
28931
28930
28929
28928
28928
28927
28926
28925
28924
28923
28923
28922
28921
28920
28919
28918
28917
28917
28917
28917
28916
28916
28915
28915
28915
28915
28915
28914
28913
28912
28911
28911
28911
28911
28911
28911
28911
28910
28910
28909
28909
28909
28908
28908
28907
28907
28907
28907
28907
28907
28906
28906
28906
28906
28906
28906
28905
28905
28904
28904
28903
28902
28902
28902
28901
28901
28901
28901
28900
28899
28899
28899
28898
28897
28896
28895
28895
28895
28895
28894
28893
28892
28892
28892
28892
28892
28891
28891
28891
28891
28890
28889
28888
28888
28887
28887
28887
28887
28886
28886
28885
28885
28885
28884
28884
28883
28882
28881
28880
28879
28878
28877
28877
28876
28875
28875
28875
28874
28873
28873
28872
28871
28870
28870
28870
28870
28870
28869
28869
28868
28867
28866
28866
28865
28864
28864
28864
28864
28863
28862
28862
28862
28861
28860
28860
28860
28859
28859
28859
28858
28858
28857
28856
28856
28855
28854
28854
28853
28853
28852
28852
28852
28852
28851
28851
28851
28850
28849
28848
28848
28847
28846
28846
28846
28846
28846
28845
28844
28843
28842
28842
28841
28840
28840
28840
28839
28838
28837
28837
28837
28837
28836
28835
28834
28834
28834
28833
28832
28832
28832
28831
28831
28831
28831
28830
28829
28828
28828
28828
28827
28827
28826
28826
28826
28825
28824
28824
28823
28823
28822
28821
28820
28820
28820
28820
28819
28819
28819
28818
28818
28818
28817
28816
28816
28815
28814
28814
28813
28812
28812
28812
28811
28811
28811
28810
28809
28808
28807
28807
28807
28807
28806
28806
28806
28805
28805
28805
28804
28804
28804
28803
28802
28802
28802
28801
28800
28799
28798
28798
28798
28797
28796
28796
28796
28795
28794
28794
28794
28794
28793
28793
28793
28793
28792
28791
28790
28789
28789
28789
28788
28788
28787
28786
28786
28786
28785
28784
28784
28783
28783
28782
28782
28781
28780
28779
28778
28777
28776
28776
28776
28776
28775
28775
28774
28773
28772
28772
28771
28770
28769
28768
28767
28767
28766
28766
28765
28765
28764
28764
28764
28763
28763
28763
28762
28762
28762
28761
28760
28759
28758
28757
28757
28757
28757
28756
28756
28756
28755
28755
28754
28753
28753
28753
28752
28751
28750
28750
28750
28750
28749
28748
28747
28747
28746
28745
28744
28744
28743
28742
28742
28741
28741
28740
28739
28738
28738
28738
28737
28736
28735
28734
28734
28734
28734
28734
28733
28732
28731
28731
28731
28731
28730
28729
28729
28728
28727
28727
28726
28725
28725
28724
28724
28724
28723
28723
28722
28721
28720
28719
28718
28717
28717
28716
28715
28715
28714
28713
28713
28712
28711
28711
28710
28710
28709
28709
28709
28709
28708
28707
28707
28707
28706
28706
28706
28706
28705
28705
28704
28703
28702
28702
28701
28701
28700
28700
28699
28698
28698
28697
28696
28696
28695
28694
28694
28693
28693
28692
28692
28692
28691
28690
28689
28689
28688
28688
28687
28687
28687
28686
28686
28685
28685
28684
28684
28684
28683
28683
28683
28683
28683
28683
28682
28681
28680
28680
28679
28679
28678
28677
28677
28676
28676
28676
28676
28676
28675
28674
28673
28673
28672
28672
28671
28670
28669
28668
28667
28666
28665
28664
28663
28662
28661
28660
28660
28659
28659
28659
28659
28659
28659
28659
28658
28657
28656
28656
28656
28656
28656
28656
28655
28654
28653
28652
28652
28651
28651
28651
28651
28650
28649
28649
28648
28648
28647
28647
28647
28647
28647
28646
28645
28644
28643
28643
28643
28642
28641
28640
28640
28640
28639
28638
28638
28638
28638
28638
28637
28637
28637
28636
28635
28635
28634
28633
28633
28633
28632
28631
28630
28629
28628
28628
28627
28627
28627
28627
28627
28626
28626
28626
28626
28625
28625
28624
28623
28622
28622
28622
28621
28620
28619
28618
28618
28617
28616
28615
28615
28615
28614
28614
28614
28614
28613
28612
28612
28611
28610
28609
28608
28608
28608
28608
28608
28608
28608
28608
28607
28606
28606
28606
28606
28605
28604
28604
28603
28602
28602
28601
28600
28599
28598
28598
28598
28597
28596
28595
28594
28593
28593
28593
28593
28592
28592
28592
28591
28591
28590
28590
28589
28588
28588
28587
28586
28586
28585
28584
28584
28583
28582
28581
28580
28579
28578
28577
28576
28575
28575
28575
28574
28573
28573
28573
28573
28573
28572
28572
28572
28571
28570
28570
28569
28569
28568
28567
28567
28566
28565
28565
28565
28565
28564
28563
28562
28561
28561
28561
28561
28561
28560
28559
28558
28557
28556
28555
28555
28555
28554
28554
28554
28554
28554
28554
28554
28553
28553
28552
28551
28551
28550
28550
28549
28549
28549
28548
28547
28547
28547
28546
28545
28544
28543
28543
28542
28541
28540
28539
28538
28538
28538
28537
28537
28537
28536
28536
28535
28534
28534
28534
28534
28533
28532
28531
28531
28531
28530
28530
28530
28530
28530
28530
28529
28529
28528
28528
28528
28528
28527
28526
28526
28525
28524
28523
28523
28522
28521
28521
28520
28519
28518
28517
28517
28517
28516
28515
28514
28513
28513
28512
28511
28510
28510
28509
28509
28509
28509
28509
28509
28509
28509
28509
28508
28508
28507
28506
28505
28504
28503
28502
28502
28502
28501
28501
28501
28501
28500
28499
28499
28499
28498
28497
28497
28497
28496
28496
28496
28495
28494
28494
28493
28493
28493
28492
28492
28491
28490
28490
28489
28489
28488
28487
28487
28487
28487
28487
28487
28486
28485
28484
28483
28483
28483
28482
28481
28480
28480
28480
28480
28479
28479
28479
28479
28478
28477
28477
28476
28475
28474
28473
28472
28471
28470
28470
28469
28469
28469
28469
28469
28469
28469
28468
28468
28467
28467
28466
28465
28464
28463
28462
28461
28460
28459
28458
28458
28457
28457
28457
28456
28455
28455
28454
28454
28454
28453
28452
28451
28450
28450
28450
28449
28449
28448
28447
28446
28446
28445
28444
28444
28443
28442
28442
28441
28441
28441
28441
28440
28439
28438
28438
28438
28438
28438
28438
28437
28436
28435
28434
28433
28432
28432
28431
28431
28431
28431
28430
28430
28430
28429
28428
28428
28428
28427
28427
28426
28426
28425
28424
28424
28423
28422
28421
28421
28420
28419
28419
28418
28417
28417
28417
28416
28415
28415
28415
28415
28414
28413
28412
28411
28410
28410
28409
28409
28408
28408
28408
28408
28408
28407
28407
28406
28405
28404
28403
28403
28402
28402
28401
28400
28399
28399
28399
28399
28399
28399
28399
28399
28399
28399
28398
28398
28397
28396
28396
28396
28395
28395
28395
28394
28393
28393
28393
28392
28391
28390
28389
28389
28389
28389
28389
28388
28388
28388
28387
28387
28386
28386
28385
28384
28384
28383
28383
28382
28381
28381
28381
28381
28381
28381
28380
28379
28378
28378
28377
28377
28377
28376
28375
28374
28373
28373
28372
28371
28370
28370
28370
28370
28369
28369
28369
28369
28369
28368
28367
28367
28367
28366
28366
28366
28366
28366
28365
28364
28364
28363
28362
28362
28362
28361
28360
28359
28359
28358
28357
28357
28356
28356
28355
28354
28354
28353
28353
28353
28352
28351
28351
28350
28349
28349
28348
28348
28347
28346
28346
28346
28346
28346
28346
28346
28346
28346
28346
28345
28344
28343
28343
28343
28342
28341
28340
28340
28339
28338
28337
28337
28337
28337
28336
28336
28336
28336
28336
28335
28334
28333
28332
28331
28330
28330
28330
28330
28330
28330
28329
28328
28327
28327
28326
28325
28325
28325
28324
28323
28323
28323
28323
28322
28321
28321
28321
28321
28320
28320
28319
28319
28318
28317
28317
28316
28315
28314
28313
28312
28312
28311
28311
28311
28310
28310
28310
28309
28309
28309
28308
28308
28308
28307
28307
28306
28305
28304
28303
28303
28303
28302
28301
28301
28300
28299
28298
28298
28298
28298
28298
28297
28296
28295
28294
28294
28294
28293
28292
28291
28290
28289
28289
28289
28288
28287
28287
28286
28286
28286
28286
28285
28285
28284
28283
28283
28282
28282
28281
28281
28280
28279
28278
28277
28277
28276
28275
28275
28275
28274
28274
28273
28273
28272
28271
28270
28270
28270
28269
28269
28269
28269
28269
28268
28268
28268
28268
28267
28266
28265
28265
28264
28263
28262
28261
28261
28261
28260
28259
28258
28258
28257
28256
28256
28256
28255
28255
28255
28254
28253
28253
28252
28252
28251
28250
28249
28248
28247
28246
28245
28245
28245
28244
28244
28243
28243
28242
28241
28241
28241
28240
28239
28238
28237
28237
28237
28236
28235
28235
28235
28235
28235
28235
28235
28235
28234
28234
28233
28232
28231
28231
28230
28230
28230
28230
28229
28228
28228
28227
28227
28226
28226
28225
28225
28225
28225
28225
28224
28224
28224
28224
28223
28223
28223
28222
28222
28221
28221
28221
28220
28220
28220
28219
28219
28219
28219
28219
28219
28218
28218
28218
28217
28216
28215
28214
28214
28213
28212
28211
28210
28210
28209
28208
28207
28207
28207
28207
28207
28207
28206
28206
28205
28204
28204
28204
28204
28204
28203
28202
28202
28201
28201
28201
28201
28201
28200
28199
28199
28198
28197
28196
28195
28195
28194
28194
28194
28194
28193
28193
28193
28193
28192
28191
28190
28190
28189
28189
28188
28187
28186
28186
28185
28185
28185
28184
28183
28182
28182
28181
28181
28180
28180
28180
28179
28179
28179
28179
28178
28177
28177
28177
28177
28176
28176
28175
28174
28173
28173
28173
28173
28173
28172
28172
28172
28171
28171
28171
28170
28170
28170
28170
28170
28169
28168
28167
28167
28166
28165
28165
28164
28164
28163
28163
28162
28162
28162
28162
28161
28161
28160
28159
28159
28158
28158
28157
28157
28157
28156
28156
28155
28154
28154
28153
28153
28152
28152
28152
28151
28151
28151
28150
28149
28149
28149
28148
28148
28147
28147
28147
28147
28147
28146
28146
28146
28146
28145
28144
28143
28143
28143
28142
28142
28142
28142
28142
28141
28140
28139
28139
28138
28138
28137
28137
28137
28137
28137
28136
28135
28134
28134
28133
28132
28131
28130
28130
28130
28130
28129
28129
28128
28127
28126
28126
28126
28126
28126
28125
28125
28125
28124
28124
28123
28123
28123
28123
28123
28123
28122
28122
28121
28121
28121
28120
28119
28119
28118
28117
28117
28116
28116
28115
28114
28114
28113
28112
28111
28110
28110
28110
28109
28109
28108
28108
28107
28107
28106
28106
28106
28106
28106
28106
28105
28105
28104
28103
28103
28102
28102
28102
28101
28100
28100
28100
28099
28099
28099
28098
28098
28097
28097
28097
28096
28096
28096
28095
28095
28094
28094
28094
28094
28093
28093
28092
28092
28092
28091
28091
28091
28090
28089
28089
28089
28088
28087
28087
28086
28086
28086
28086
28085
28084
28083
28082
28082
28082
28081
28080
28079
28078
28077
28077
28077
28076
28076
28076
28076
28075
28074
28074
28074
28074
28073
28072
28072
28072
28071
28070
28069
28069
28068
28068
28067
28066
28066
28066
28066
28065
28065
28065
28064
28063
28063
28063
28063
28063
28062
28062
28062
28061
28061
28061
28060
28059
28059
28059
28059
28059
28058
28057
28056
28056
28056
28055
28055
28055
28055
28054
28054
28054
28053
28052
28052
28052
28051
28051
28051
28050
28049
28048
28047
28047
28046
28045
28044
28044
28043
28043
28043
28043
28043
28043
28043
28042
28041
28041
28041
28040
28040
28040
28039
28039
28038
28037
28037
28037
28037
28036
28036
28036
28036
28035
28035
28035
28035
28034
28033
28032
28031
28031
28031
28030
28029
28029
28028
28028
28028
28027
28027
28026
28025
28025
28025
28025
28025
28024
28024
28024
28023
28023
28022
28021
28020
28019
28018
28017
28017
28017
28016
28016
28016
28016
28015
28014
28014
28013
28013
28013
28012
28012
28012
28011
28010
28009
28008
28008
28008
28007
28006
28006
28006
28005
28004
28003
28002
28001
28000
27999
27998
27997
27997
27997
27996
27995
27995
27995
27994
27994
27993
27992
27992
27991
27991
27990
27990
27990
27990
27990
27989
27989
27989
27989
27988
27987
27987
27987
27987
27987
27986
27985
27984
27984
27984
27983
27982
27982
27981
27981
27981
27981
27980
27979
27979
27979
27979
27978
27977
27976
27976
27976
27975
27975
27975
27975
27974
27973
27972
27971
27970
27970
27969
27969
27969
27968
27968
27968
27968
27967
27967
27966
27966
27966
27965
27964
27964
27964
27963
27963
27962
27961
27960
27960
27960
27960
27960
27959
27958
27957
27957
27957
27956
27956
27955
27955
27955
27954
27953
27952
27951
27951
27950
27950
27949
27949
27948
27948
27948
27947
27946
27945
27944
27944
27944
27944
27944
27943
27942
27941
27940
27940
27940
27940
27939
27938
27937
27936
27936
27935
27934
27933
27933
27933
27932
27931
27931
27930
27929
27929
27928
27927
27926
27926
27925
27925
27924
27923
27922
27921
27920
27919
27918
27918
27918
27918
27917
27916
27915
27915
27915
27914
27913
27913
27913
27913
27912
27912
27912
27911
27911
27910
27909
27909
27908
27907
27907
27906
27906
27905
27905
27905
27905
27904
27903
27903
27903
27903
27902
27902
27902
27901
27901
27901
27901
27900
27900
27899
27898
27898
27898
27897
27896
27896
27895
27894
27893
27893
27892
27891
27890
27889
27889
27888
27887
27886
27886
27886
27886
27886
27885
27885
27884
27883
27883
27883
27882
27882
27882
27882
27882
27882
27882
27881
27880
27879
27879
27878
27878
27878
27877
27877
27876
27876
27875
27875
27875
27875
27874
27873
27872
27871
27871
27871
27870
27870
27870
27870
27869
27868
27868
27867
27866
27866
27866
27866
27866
27865
27865
27864
27863
27862
27862
27862
27862
27861
27861
27861
27861
27861
27860
27859
27859
27858
27857
27857
27856
27855
27855
27854
27854
27854
27854
27854
27853
27852
27851
27850
27850
27849
27849
27848
27847
27847
27846
27846
27845
27844
27844
27843
27843
27842
27842
27841
27841
27841
27841
27841
27840
27839
27838
27837
27837
27836
27835
27835
27834
27833
27833
27833
27832
27832
27832
27831
27830
27830
27830
27830
27829
27829
27828
27828
27828
27828
27828
27828
27828
27828
27827
27826
27825
27825
27824
27824
27824
27823
27823
27823
27822
27822
27822
27821
27820
27819
27818
27817
27816
27816
27816
27816
27816
27816
27816
27816
27815
27815
27815
27815
27815
27815
27814
27813
27812
27812
27812
27812
27811
27811
27810
27810
27809
27809
27809
27809
27808
27808
27808
27808
27808
27807
27807
27807
27807
27807
27806
27806
27805
27805
27804
27803
27802
27802
27802
27801
27801
27801
