100
65505
65499
65486
65452
65385
65340
65261
65177
65176
65150
65123
65111
65062
64927
64851
64812
64798
64786
64750
64712
64687
64664
64634
64610
64527
64501
64402
64355
64332
64298
64191
64157
64144
64092
63984
63982
63933
63922
63915
63895
63806
63776
63745
63709
63621
63591
63579
63514
63451
63378
63347
63329
63320
63222
63173
63122
63113
63096
63073
63061
63011
62949
62823
62811
62807
62685
62674
62630
62498
62433
62240
62175
62133
62082
61866
61823
61778
61767
61746
61686
61676
61631
61630
61619
61580
61552
61458
61445
61382
61350
61340
61270
61234
61208
61112
61090
61041
60955
60912
60821
