100
48972
-50462
8152
-34762
-55352
-10854
40651
45290
-59184
-43499
-17247
-46146
-50609
58805
-30138
-21766
35302
60560
2048
27431
20867
-54262
-12699
25222
44991
-3451
15539
35499
28742
15129
46981
-6918
-43588
-60201
31729
-37500
-60382
48580
60242
13894
-11452
-36399
-1407
27603
-35130
23493
14092
33323
32355
-37780
50086
51145
35970
-52478
42456
4837
18182
15363
-47598
49739
20162
33768
38108
26398
-29545
3476
-8386
-59027
23275
9496
-46806
-54103
55569
19042
-46896
-54824
10941
35777
24612
-53977
-60818
-2716
46539
48025
42178
-4473
6319
22901
62506
-33984
45188
45388
-46328
-39643
-12269
-59562
-20002
-11219
-58487
5283
