1000
-53099
34026
-13571
43338
54253
47566
49346
-63519
33400
-60703
-44236
-10723
-54410
21828
-14301
46448
-34620
9978
-28413
3717
4042
-6753
-62416
11573
40108
-54298
35878
-24043
-58941
-30130
44276
9571
25981
61552
7330
-5988
-51017
-64762
-17478
-12642
17540
10858
-889
-12636
15237
2000
-53808
7337
-31122
-3111
3087
49825
21841
-36465
-59851
-31369
-50511
-65274
11593
45694
55140
-20807
-59267
57666
-31498
63305
-4342
-23153
-31110
65503
-43190
37281
-8028
-14030
-49394
46451
41883
16875
29866
60467
4248
-30413
40296
34773
47649
31296
-541
-53468
-40060
28190
61687
-62917
10827
8113
-23262
36522
61281
-36100
-54966
41912
-40078
62382
-10713
49188
-52277
9156
20947
-20926
20793
-6932
32084
6030
-44853
-63871
-47469
-5826
-47919
62631
52987
-43869
58126
-22620
-59562
45312
7050
58876
30162
1427
-41501
43763
40009
-45446
52262
-15488
-23288
13905
46847
-29416
14535
55694
-61436
60719
48404
-35541
61909
47804
-63358
58775
4719
24261
2550
43886
-9155
24735
16958
-45276
63927
-38920
37070
5630
22694
4291
15613
5064
6258
-48340
1955
-58206
34457
-34801
32299
-64274
55000
-11950
-46585
59979
-5479
24260
61800
41424
-58650
-11331
-50920
-6180
-21407
-5721
55522
18860
42119
-5985
48391
26911
64698
-9426
-14960
-63486
9544
-3143
13283
-14769
50304
-22860
24951
19741
6995
24702
-26155
-43721
-37249
20744
-38463
60283
-27976
42935
-7214
10413
12659
-32273
9457
39144
-12204
6304
-49924
-63677
-37637
-8310
37580
-58571
947
41279
-28139
144
19429
-12873
18895
-45339
-50328
-3923
36133
56353
20949
-18799
-2184
58549
-47805
11293
20448
-51206
-43854
-3228
-50561
-28312
-34675
-4533
34299
13506
-60013
-48242
-44140
65328
-10012
-36817
-22522
-4802
21031
63589
56598
41409
-58601
31009
-41292
-17078
-11285
32430
-41040
16298
-43308
-15978
10066
1135
-28811
37153
-25554
45610
58968
-45985
55598
-4957
-62847
-56772
4074
23869
60649
-47676
60627
-36277
48000
-43775
20921
-26638
34932
-49078
-4614
26342
25887
-40278
-25113
-11807
-38458
25407
-42759
57452
-4043
-33242
-59541
39319
-1432
-53932
11361
-7972
-32318
1674
-46861
12122
-7430
-53333
-33678
-9877
-15404
-62686
-37463
-38347
-59331
-44942
41482
42405
35629
160
57562
36738
49812
-49645
4248
55675
37105
29062
-23759
-47928
28616
22711
-14713
12827
43660
-1760
25270
35142
63033
27500
-13238
-21398
4929
59377
-52333
-46243
-3568
19976
-2999
3087
-45791
-16810
-43346
15071
-5668
-42589
-60211
-3715
48911
28293
39325
-51121
-12419
61174
38366
-62078
-3573
24147
-65304
22226
-16254
-24344
-63266
-10533
-25615
-16813
47828
-42298
-7961
10130
-36662
64948
-20024
-21618
62778
25229
43124
-24425
12096
21960
-8249
-37116
-41172
50789
-51814
-29924
2055
-63175
-52896
-41871
63102
-63634
51138
-16008
-57482
35410
-11206
56273
20868
35976
-36909
30087
29701
-61043
46984
1664
38943
-19704
22286
-22245
8145
-14428
-64646
-6194
46691
27125
42534
-57028
19404
-23762
24377
45403
-25189
-22331
35284
61708
36695
62781
-15765
-55784
45609
-14984
9050
29308
59011
29307
-12960
15638
8745
-20090
17009
21924
26863
-23974
22609
39549
31595
-25290
61010
3564
-42132
-6802
-42045
27707
-60409
-29285
64059
-51
4842
-2479
-38247
30134
31025
44952
-44487
-15449
-15852
-10640
44692
-43153
-20608
51448
58111
-44518
-9988
-24869
-23489
-52541
-44891
15478
14939
-44926
-53179
23153
-28378
6364
7672
2582
-43775
-63201
-28562
36462
12001
41031
55426
-15199
-21901
-35620
50155
41879
-59544
-61984
-40520
1928
-46131
-6987
22127
-61210
1381
-25485
-27678
61636
-35273
-59123
24959
32890
-18174
20648
28368
-11917
22170
18122
62354
12890
-50501
-55007
-13523
-62223
17292
3153
-25741
-61219
-65381
-37073
-38908
37177
-2359
-39841
-3559
-62912
25571
-1168
37955
-22355
-53665
31963
61551
57785
43977
24073
12777
-12893
51014
14313
39929
-43098
64073
39059
42121
26203
-21386
44121
-20276
-13261
157
16068
33049
-28070
16159
-7566
54073
56053
29395
23566
25454
-36231
42400
-64241
51188
61394
-49300
64280
40887
35342
3662
47599
-28036
44809
-2156
-63412
52608
-8914
48924
-26613
19585
-20386
-34398
20163
-45944
-1260
32877
-41805
21439
52809
-23917
-51205
19257
-40462
-2202
-37222
-24011
25136
-11202
2622
35269
41217
-52741
63525
38565
32239
35948
7936
-12491
-57850
-49938
36480
-21608
-1286
41381
-24421
7791
13725
-17588
3641
-62513
-53100
-53789
22594
-43899
15438
44445
-36715
-48000
33328
-41911
-34959
57851
-44699
-60399
-521
18686
-24765
-49121
-7684
-62268
-55787
-9506
41694
64968
15815
-1699
25510
33923
-3918
-53014
-20627
58060
-13104
-27216
3594
43911
-65125
-20812
45387
50770
61588
46441
46484
26235
43615
54841
-19878
-44100
23475
53771
-29729
20915
20028
-5066
-61971
-61082
-42771
-14049
-56815
-8586
-53999
-33602
-45257
41324
17946
-30265
-61705
11458
-27371
16077
-6825
-16294
53610
7780
-5093
14248
14257
1897
60016
-62710
-7244
60102
13084
19611
22549
64263
47311
-13435
-45365
-14739
37581
-44014
11302
45817
23597
-18209
4895
34256
18800
-58436
-24020
-5188
-6648
-41181
39838
36936
-19371
-63721
-61327
36456
21458
-50230
-1905
44333
7282
-62055
28860
-37097
-20330
21987
3126
-6515
8802
-53171
-48703
-23982
-13221
30979
27627
35832
-47010
675
34059
45843
50515
49022
-61218
10603
60239
-9078
22330
48032
-41736
-50678
-23251
38736
-53326
-15060
11648
-10704
-63198
50268
49728
63364
-59111
22302
-39966
51457
-18273
-19994
57573
-46250
32606
1678
56677
40881
-6572
47683
-20950
35196
-52418
30430
-62296
-43016
-52950
56558
56205
24816
33046
1994
-38876
12991
2954
36213
40650
38429
-63372
-54382
-19675
9630
-29336
52077
37924
-43282
37851
29622
-22616
-56640
37751
-49474
33191
-40399
25691
-25625
61107
-52455
-35908
-44913
50354
-13731
2400
-33861
20430
-50587
-52283
-5511
56893
50966
9619
-62414
46311
-30098
-22794
-24979
-32135
30283
-16527
59551
-23574
29603
-13592
30259
-15489
21997
26745
-30299
2672
-24203
-4336
-33080
-22357
-5470
-61971
10306
-44088
-30330
9488
62629
-10744
50085
-37965
45010
9709
-569
52860
-50517
31476
48567
-55474
-47921
33247
-26171
-7769
2176
-42355
-56003
1574
-55422
-39154
-25329
-24104
-36161
763
17956
-12529
-24727
13056
22975
8627
-39339
11877
230
-65283
-24734
46108
65381
-60375
60257
55198
-51839
-13018
47968
-61929
-46901
30559
56002
50511
55887
46349
-23624
65149
-31599
59475
55590
-38998
-51329
52924
-12555
-39168
54337
-14625
-46627
35499
49858
-52064
-43235
-31416
46130
35618
8957
12542
61097
28511
49247
2037
6335
17315
-16262
24405
3591
-8531
62611
56124
-65304
-13853
-35287
-3476
