10000
34581
17368
-10029
45225
-12239
55221
22104
910
56272
-18561
-14068
-57617
10784
48648
-36818
34836
-19733
10982
2440
25499
-28046
35141
19734
-44898
24348
-27489
-26912
-28563
-59141
-48394
-56264
36286
-4362
-40223
37941
21481
-15370
50601
-27137
45575
27887
-24367
27100
26961
-64606
-51128
27514
259
3611
38679
40668
42003
51247
-25607
57033
-64334
13176
-8648
10560
-60981
45429
-64964
-2915
-39283
-40169
48079
-7051
-5803
51616
-5610
-37058
-62497
27574
24974
41219
-47764
1456
28519
-46879
-10898
14693
36813
17989
-14506
-8492
-47182
24526
-30248
49753
24699
-10105
-46549
-54120
-15932
-11800
-56976
-20273
-48238
5334
42331
17325
-59376
-2584
28416
13774
-12239
-60042
35440
2785
-18554
-12668
41079
-38247
-5667
20989
57408
-6439
-14630
-9801
61361
30625
47455
1317
8222
3197
18688
-36770
-48806
18012
-53064
-36935
11780
30649
-52397
-3921
-64027
-56287
59679
63306
-61707
-29142
-16832
9090
9858
54575
567
42323
3812
38759
47887
38897
11691
26789
21717
-8200
25527
32747
-37718
-42462
-3403
-44963
57476
16318
29187
-51962
32222
-57917
-54972
49748
-43729
29041
29754
46080
38089
49513
54507
-45462
-50691
-42200
51322
25881
53950
61922
37432
54539
-38546
19346
14296
4700
-22896
28341
-17619
-58315
4512
-17117
-63605
8307
-61260
-29869
50827
48781
-36916
-26601
2481
38061
-19980
37245
-9134
40373
65003
3945
34952
-49556
16946
-63832
32762
26075
49669
-55355
-18443
11992
-28747
-10486
-13725
-51527
42814
-10729
2190
-42907
8638
-21374
22745
45543
-34591
59030
63242
25921
-54724
-64334
-21730
16106
40263
-11239
-21584
61589
29813
6087
-64878
59438
-21456
21431
58418
45616
18223
50520
-29204
38962
-27925
-46384
-38811
14195
59866
55647
6376
-27605
36945
46995
30852
-11898
-5953
23492
63508
39089
-47119
9870
62376
23483
44348
50378
-63144
-13021
-61483
64381
-21555
10338
-7626
62667
-30749
31496
56158
-32727
65433
44168
-4268
29434
41457
36430
36936
-64203
46019
-20465
42836
59245
-53816
-20381
-1036
31901
-43782
45179
-39544
-49927
51533
-52870
56097
15890
60543
-24690
-53951
-45892
-43605
21134
-53846
45575
-63570
14608
34295
-53044
-19821
-43227
26381
-46962
29936
-59232
-24516
60582
-40326
-47227
-3681
60730
-52484
39293
-8801
41536
1645
-39004
12808
-49414
26548
61095
17163
53650
-6787
-20590
62607
12183
-25586
5262
12742
-63010
-490
-42413
-56910
56043
3866
-3450
-42209
12983
26905
-59464
49358
-7995
57587
43796
60057
-19181
-12214
-8310
22351
21510
-50421
47247
16525
10554
28267
1871
-10593
21498
23124
7438
-41029
12657
-22679
-56831
19785
-5711
37766
31764
-47652
32185
46800
22473
-43923
-60038
-43730
19157
-28560
6931
-52781
30733
-11032
-11701
23867
37553
20248
16368
-38259
-58906
17277
18157
-55349
14694
-3592
-4077
19852
63405
5719
14146
-53036
-35571
-55901
-9262
25244
45270
-56041
37992
35206
-64227
-8776
29637
37579
59512
37076
7349
-59821
32326
-29323
13275
44220
31553
-56438
15043
56697
-64907
-16503
28566
56514
31845
-30665
52632
16579
9601
61010
-34934
15887
8884
-4962
-32897
-37662
-61596
61277
42712
47169
-14775
48216
-37248
-21293
45161
-4191
56461
15512
-26867
23737
16597
-26497
-50029
-37284
8959
-36227
31215
-25605
-18166
49777
63665
12352
8510
54400
-48338
-29606
-8464
-12056
12806
20164
-2721
-45499
9763
36864
-52466
-25721
-9538
-39650
401
53426
-41115
48138
-8063
-42537
43999
-42635
-53557
-15121
28167
-25713
7555
-157
-23972
-35141
2785
-7577
40527
27944
-50375
-3925
2111
10023
3623
-53452
-11594
-46889
-65064
36242
-21318
47875
-28879
2468
-45632
52462
-35357
-59310
37411
-27600
-28942
7290
-29146
-59686
35689
-52175
-36241
15575
24431
-3455
-48455
-34999
46768
-55745
32570
-59679
-33326
-36514
55612
25610
-61057
17237
46764
31347
-50855
10187
25184
52050
8423
-25060
-60069
-36970
-20636
24795
38613
-36478
62655
-361
20991
49543
974
40084
39380
32575
-3322
-23261
-11303
-25714
-2644
-42652
-35378
9855
1773
10846
41924
-29074
-54584
3521
30220
10696
28196
-31397
-28652
-5902
42084
7017
-62148
-44425
-27089
-21149
50124
-46377
53845
2065
20459
-52072
-46718
22618
9509
41131
11539
63521
-65021
6537
-32145
30053
-12374
55906
-60792
-19213
-5196
64370
23684
61748
-49973
-19251
19956
4127
-59646
46016
-38351
-42989
-21427
-51408
25794
32399
10836
17368
52686
2177
-50924
-33099
38665
-24785
47891
59031
15799
5895
-4307
53911
-62390
61091
52008
-42210
-26504
-10746
280
17236
15537
-6186
47287
-18599
-36166
34778
-16262
-5039
43927
20806
13518
4023
41868
-51914
58615
15558
45635
6509
-21426
24938
49602
32529
-17333
13445
38163
26124
-31732
-26167
44917
-50213
16159
-46613
21980
23645
12694
-35462
42763
-62625
40024
-55821
-44787
-64332
-46557
-19048
37508
-63934
-3960
-49925
32597
-3810
-56618
42052
41728
-28406
49676
-28867
-35101
-39911
52626
-42060
62684
12729
19934
27049
-5153
-32287
4596
-30082
47944
62540
-11644
-61012
-53534
-62867
28810
-65222
14313
-27067
-9533
21243
-19439
10923
-62333
-4823
-33957
-11290
-27698
-26810
42154
-56320
-63532
31387
2885
46557
-47034
27106
55794
-24973
-13498
-31797
-31624
-27521
-49854
-9483
-12937
31902
-56274
-23243
56208
-6043
6529
-38644
5642
49379
27879
1059
-58728
53290
17376
3983
-63042
-41246
33639
47404
-3219
-62017
21060
6536
33208
45842
-6020
55054
9946
-42259
40047
57635
-16592
25797
-32300
9006
-61113
-45267
40613
43340
-42184
-3836
5013
-47417
-36164
42282
-4846
-48228
2191
-6133
-16155
-4474
-20627
28371
36010
-3990
29822
60862
-1181
-49795
-1347
-48020
60922
27632
39202
32069
-48905
1554
20750
-65237
36101
-3882
-11517
35223
-41952
50044
-46023
-49493
-63241
38987
-45356
-26729
-42065
-32722
-58209
-54039
36114
-29161
-57129
60330
-18330
-11309
-11832
40227
-6856
46445
19199
15402
35921
58543
15011
57368
-39431
33220
-19842
-64570
-7318
-36990
5610
-28687
25360
64679
-17234
-40288
62669
-16214
14806
-63269
-29041
-19726
-58968
-21520
29104
-19900
4656
47181
58184
9040
-60869
63039
17087
-4610
-21764
-20595
-33296
-34153
-59082
-27479
-48648
57365
-30432
17785
19798
-32963
-10617
7597
-44184
-59598
14550
-51218
-54979
-9040
-9972
-5640
-18363
46390
-36480
-6340
-25465
-5874
4234
63787
25679
48830
6971
22541
54347
-44940
2564
57405
48050
-4187
-36898
-9738
-49831
32910
-29084
-36947
23475
-29458
-54754
-26861
-18044
-42349
56846
41536
6941
58355
56251
-40667
18170
-29075
39203
36482
20728
27589
52403
-53511
-60716
-25520
64543
25851
-47244
49789
21228
12970
32962
21116
-42532
-3771
58003
-7670
-20276
49782
25971
1947
11287
30927
-46468
30955
40101
41558
-20436
-14156
54738
-60693
-49288
-26540
64009
-19485
20553
49423
49230
24836
29995
-32323
34181
-12087
-5484
-52050
44170
-41892
-50034
31951
13683
7416
-7332
-541
6118
-21189
-15633
40673
61857
38896
13467
62028
-7081
20024
-41281
40087
37876
23665
-38807
-36235
-49584
15502
-45400
-49496
43399
43528
48266
48968
-12869
46926
55432
43578
-3446
7446
-25915
-21643
-35570
-9645
27785
-57156
16461
62515
-9633
-54538
49403
11116
57406
1537
56402
-37570
-52664
-26745
30822
38133
-29995
-64256
64902
-45647
-41646
-31501
-5041
-64813
31775
57764
9797
39423
23475
19624
37022
-47369
-21975
-47937
-41788
30340
62697
-43412
-38922
-64651
-43504
-27803
-21142
-50227
-2323
33379
62073
-40827
61302
-39853
-51277
-55453
-962
-50642
10483
-45046
-41100
-41752
9004
41324
30760
-50674
-24380
-45810
-49194
-57702
24785
-17839
-15413
-96
52702
14347
52455
-24973
17007
-7252
-9928
9529
-18355
-54456
9930
36950
-28705
-60463
57734
-4478
40165
-7630
9389
-23008
33364
8628
-22650
-12066
7960
43020
47608
52606
-3687
-54896
-42556
40785
-12664
-44269
-15483
48449
-32002
-26604
-9698
30123
39656
-35549
22041
-32506
4616
21613
15704
64357
45277
50421
44832
-44072
-24876
416
-43811
-52233
-38146
39660
-44865
20379
-28496
31117
38854
7033
-7493
13820
-25253
63624
63032
19169
-29043
59239
-28113
-61840
39993
-56924
-58675
-47153
-52444
50589
-46105
-46726
56765
-55952
-43319
-30033
-15452
8480
-57099
-51007
21468
-34509
64901
46601
-4777
46210
30527
56704
6679
-10482
-56706
-56826
64251
50187
4555
-21834
12518
-40632
-6933
-63692
53352
62592
-6231
-40100
35346
62909
25561
-33139
53970
14554
-53449
19013
27195
-12315
15807
45839
-54838
-21966
-31120
8444
47112
-27447
-60017
31413
-12840
-41440
16819
1186
54563
-12607
23973
8457
35805
8809
26954
-2320
-23071
-15668
24817
467
27513
-38412
-36825
22811
-53099
30687
-28328
-24813
4033
65524
-50876
39518
-32076
-25963
-36733
29015
2801
-43043
-41489
-65480
-35737
-40590
4240
-62664
-33489
39261
-64960
-27240
2894
-22858
-14097
-38338
-53765
-56526
16164
58771
21565
-50432
33692
34079
44676
20475
21048
10065
35383
-63570
-19260
844
-52217
37208
48304
-54748
-64269
30139
-21668
-34071
6487
-44908
-36727
-51478
22360
56055
-20348
-49110
-48733
9875
-51226
-35835
-38731
16848
-64657
61207
-39931
33144
30017
17696
3062
28463
65115
-30440
-32820
-14278
39403
-2933
50552
-7462
-5165
-55282
43713
-56218
-41977
-60573
16595
2914
35537
64487
-8134
21331
-63343
60135
-44046
-32497
-5195
-28772
45134
57103
27833
1080
10104
60603
37349
48463
-7248
-27484
28523
-53415
-24145
56245
42620
-12712
38935
43794
-56420
45661
-48869
46631
34747
629
-33817
-47051
-50196
-3838
-55307
-38145
-14028
54610
55138
54197
12207
47011
9515
16222
57665
-20721
44964
-22751
37168
38430
-21137
-59331
61897
-22594
-15737
-31986
45577
-23484
41568
33818
-56557
59643
-56777
-74
-43449
55348
49543
-34216
-32012
31868
2529
10158
-11780
-37663
7813
21509
-60486
34820
-32475
14600
7862
9439
53556
-37775
34930
-2246
-2426
-20030
46048
2018
-63640
-52696
39143
-44781
-56875
-16471
63793
56608
-4030
-6310
32954
10883
20961
49586
-23072
55335
9595
-14230
-64476
-54822
52856
-55018
-31668
37391
9401
-9122
-52257
-12200
-50919
9156
-47855
-29631
41451
-40653
-37336
-30671
35697
-10234
-707
-37527
25790
-52464
-1118
20194
60914
-60493
-28306
-35148
-2914
-44613
-40205
64907
29902
-12195
-57230
40718
30835
29996
-26774
18455
14005
-65386
38002
46533
45263
15631
35359
-30298
-24608
-30334
-26679
33787
33162
-23932
48438
-16553
-55800
-39219
51401
-3647
45827
51061
34281
-15375
58317
9657
51226
11439
-41692
-13253
12222
21501
-46209
-30753
15402
63203
-53679
11344
64551
-15778
6893
-11257
3344
11437
58067
4094
-54497
-7240
20780
1709
6858
31876
-48104
17426
-4403
38916
-58640
-3881
7333
41484
40008
4617
-5637
64140
49852
-62600
65225
51712
-6624
29376
36806
22325
52929
26358
41524
60126
47884
44966
11066
14404
43883
52092
40409
25829
-41870
-58061
-57962
43051
-41056
40082
6180
33041
-33880
-42051
56041
-40328
2387
-12424
65153
-24294
27922
-54629
31670
168
36018
24235
-9386
30728
-4211
-22677
63698
29104
-24355
43346
14245
65460
-18923
-62516
-21162
57784
37398
-33843
8223
-24515
6278
-7150
44663
4990
12246
27454
-50440
-3122
-16396
54421
62786
-29203
63152
15897
-62082
18273
22069
-7265
61677
-4678
-60591
-34878
-59512
49322
38103
-47931
-19340
4466
9108
-22795
60775
8479
-955
18505
27999
5483
55317
-3013
-12826
-59665
-25007
20746
-53658
61304
-45575
-2885
-59632
58124
-27108
-57684
-34277
-12625
37993
7815
-2438
-36212
-44005
6256
16635
29359
20588
37489
43609
-9735
-41171
-60289
65051
33971
23017
22791
-43731
-52900
-50425
54329
61181
63735
-50396
30917
-230
33651
-42536
51313
-35782
14023
-61535
18718
30281
61931
65239
16695
3340
11581
-50582
16670
17614
-26677
13189
-36665
32203
42235
21966
2397
-1500
1882
-49517
-62087
-33471
41058
-50630
-3794
-42514
-62859
42926
-39140
19141
-37796
11257
-27819
38986
-13961
-48278
-10288
-18645
-34731
43540
-6449
3460
10686
-37761
55981
-130
-32475
-2899
24145
-24460
-64852
48620
23416
-60951
-5469
-31136
59474
15691
15447
54451
44819
-34134
432
-6517
13382
-62685
38179
-22302
-47498
54206
56673
64886
-54403
-55236
2958
-10207
-33196
-59536
15838
-58206
31494
-41918
-35588
197
-16402
-4983
8674
-58151
-19375
-1855
-26466
4574
56403
27755
-64627
-35925
-10245
-34723
-10992
63384
23787
-34934
-7165
30002
9865
48873
43920
-30458
52022
-41493
-13103
-16163
24190
3645
20270
62577
-4325
-10983
59525
-38030
-7307
-40187
9279
-20480
-63323
-46878
8320
-34238
-48391
-2157
-39377
47183
-31174
55193
-33615
29018
-49055
-26615
8779
-54099
43532
17456
-32947
18828
-24041
-18928
-20184
-41586
58741
-10985
-58931
2208
-43673
-35249
10382
-59018
59255
40231
62632
-42469
14509
19021
-61973
-20515
-26314
16464
5968
62161
47495
36558
-55687
-46255
40979
-10537
14474
59214
-48868
-63676
7770
-34949
50156
-53794
4549
-40230
16758
-44385
-41294
56316
-46055
-54813
54323
-23977
61190
17426
40773
-37509
-38252
-15982
-10651
29309
-1929
34318
-33262
59961
26415
8776
-32194
-52859
54871
-31273
-57124
55502
29013
7105
62161
1537
44572
41778
60954
-26080
19905
37037
-2074
14412
-29109
-21518
-48931
-50537
17433
52073
28520
12613
23930
-19854
-25058
-41183
-15255
31527
-37044
-8739
-26088
-21314
-41742
-21891
63957
7698
-62039
-34497
-9166
-39782
34750
-13652
28113
-1799
-25582
238
40796
61153
27867
10642
25937
-53229
38652
42873
-11006
16507
32549
-30226
-9802
60284
42564
-21518
16539
-34827
-34644
-5159
-63810
-17485
-15043
19210
-11942
-6270
341
39619
-2986
-45528
-29354
63375
18646
24765
12600
48335
22777
47801
-60642
-63870
-37193
51541
41101
47677
-59991
-24102
29180
4168
54608
-35580
58857
-12547
-18663
53920
-61824
20818
-56859
-5479
32447
10975
-15290
50713
57020
-26760
18278
47765
-15183
27698
55124
47615
2801
19357
9721
26548
-12457
-3536
-7065
-6681
-43594
-44642
30245
-7935
21647
13738
-51716
-62648
-64251
-48641
-41306
-50606
-47177
15974
42855
-52792
-56096
17249
-58769
697
60818
-26115
-10252
-35980
39697
17405
-28739
-3694
56617
64623
42323
-54849
-18241
53688
31746
-26354
-3284
-8492
10161
22504
63558
-65325
42384
-37142
-23151
-1865
22572
32821
-63276
-52287
-9822
-56516
39
26642
43944
-60058
-23520
-3193
-63330
-33834
-11029
20883
-26878
8879
-9141
54106
-8736
32069
-44558
-18975
42322
-64933
-7808
676
42926
26547
-4674
22020
-35598
-56172
-26530
63702
24292
-44041
23410
26280
-10977
504
-28268
24387
35690
59613
-32828
6382
46997
47629
-41760
-43257
10494
3830
19242
34101
-55788
-49004
-35785
-24179
58789
-46305
-34355
-28971
49705
23808
-56859
-26445
-23292
-35722
60385
-7218
38893
3623
64078
15082
-46059
-17877
48538
30695
-57913
-58636
56032
-51054
49820
56323
25527
-29772
54227
-8027
-61197
-44565
-18961
56599
-43754
34671
-10725
-19832
47317
15010
-26590
-10735
-3802
-51002
8366
-45263
16602
45749
-21198
37527
-58571
35548
34433
4982
60730
-47816
25790
-8366
-33523
22087
-52861
45917
-26107
39491
-62943
46722
18144
-59738
-6579
-3256
19178
23558
44087
9025
25756
53964
-32927
-17009
60476
40803
-2446
48325
38725
-7631
41712
-47078
61959
-40323
-37025
52585
14925
-10327
9823
41350
-18300
-62646
38607
-41336
22426
57101
-59855
-59493
-43744
31254
18093
-12480
59317
-15334
50144
8367
7765
-23655
-50912
-58169
48423
6405
-22842
-33486
34643
16284
17507
20218
51572
14892
26700
-39088
28736
-15303
62199
21915
57671
22293
-28683
-16027
-54983
50527
-61076
18243
40762
17756
-56395
-36393
54052
33708
-59632
-30266
-18408
-1208
-42803
44882
49548
39205
35084
-26665
25049
-12237
35730
35504
-34790
-9426
-59300
15118
26716
-59264
-33563
36233
-2948
-62663
1816
48343
-2678
42773
43675
62655
-16419
41816
-46238
-22356
7726
11401
-54694
-58864
-57538
-30139
14248
20683
7991
55334
10662
64595
-59000
37265
32275
-47121
-10169
15754
-40621
56970
-65073
26441
-34520
30711
-45045
28641
-7428
-17253
3041
40594
48603
-9781
15166
-58099
-34617
22875
5572
47940
30905
-17068
33625
-585
-7874
41945
-6820
46231
-39183
48659
-16011
-44601
25221
19247
-51256
-5349
-14766
-27039
2591
-23909
-45463
-21381
17323
42171
58089
-45320
982
-59193
-26325
56996
-14555
-28671
-19227
12177
17799
-32283
-36406
50011
-55741
44699
51941
-56858
-48868
-13590
-63419
21703
1860
41760
-40548
-42905
24488
56075
63317
49087
1660
-36280
52734
40989
-12582
45724
-59630
-22904
52265
17041
53065
20090
4063
-7376
51179
55366
-19179
40905
-53712
-42444
5403
-11224
-24524
60988
33256
-38532
-6904
32803
-3715
12811
31108
-42197
-28751
-56664
-33926
-17686
-56206
38826
63038
26448
46772
51543
58066
-64643
-58991
51139
-14559
-9314
45368
60237
34015
-53087
-41297
-39880
-60656
4021
237
-30032
-8840
-54549
-41057
26858
2417
33390
-36614
-61543
40479
29779
9936
-55040
4916
-46948
-49090
63456
40583
-60225
27086
-6184
-57719
11753
2129
33892
56855
-58849
-2259
-6311
-41878
-12328
-64703
17827
62718
-55854
34064
53771
36076
55046
-7749
15278
21537
-323
56944
30971
59893
-58719
53548
-33274
23528
9462
20094
-18304
63222
28839
-31216
-4503
52708
11014
11460
11867
-19749
64877
-16061
-58491
-56207
-31646
-115
1399
-57765
3236
-8820
-10663
12565
40109
-63664
29842
-57026
-25639
61798
47141
-21012
-63234
-63202
-18928
-29335
13340
-29903
34148
45682
-957
60697
-61687
-59982
59739
40385
-43177
-54596
-16988
39972
42157
-58080
41927
-13966
-64915
19260
37922
-31135
-1072
-55864
16289
-36621
26574
-34805
12408
-13942
-13012
44527
-28933
-65478
52605
28648
-33623
-59065
19828
-29972
-14570
-30047
26738
19170
8557
28176
-39598
-10973
-125
-31307
30118
-12186
-54202
-32901
55108
-44611
63930
45286
-8438
64279
-32032
-38564
34087
-9089
60453
21406
-34815
23240
-39307
31975
-53479
33021
20172
-11471
11691
45605
-37134
-49817
-2635
39897
33766
-22587
-29360
-26526
-36433
-32011
-4015
10715
-12268
52797
-32400
2147
51500
9683
-45335
51687
-45348
16611
54565
-12303
-36103
49840
43811
-64306
-17205
-14502
-18898
-53604
3078
-58997
-47332
61978
53886
-36316
-56191
-2842
27398
1340
-47701
61752
51678
48976
27368
9902
34795
-13323
-48511
-43735
-22819
-14240
63135
-40232
-4229
30670
-41683
51301
-37604
-32865
6249
-29882
-46130
-57636
-52971
430
50351
23728
31753
7411
-39996
-22378
-64967
-43968
42885
-36472
54064
-24643
44024
63763
-52580
-41713
-13328
-19810
-63865
-15528
65303
54469
46050
36234
-44199
-6997
7990
-1850
48385
17938
-64271
-7288
-59557
57145
54320
-30676
-45044
53285
52512
48957
-31155
63903
-22059
25623
296
-40337
-37677
11095
9188
24048
9841
-52059
-8799
-14907
-63793
26950
54283
3021
25536
15715
6670
24863
-38142
10509
-38662
-45303
23746
-37853
-6100
-28320
-51089
-33769
15053
50643
-65434
885
56874
50915
-61707
11276
-30446
-17801
22870
-21202
42880
33327
-39257
2734
38350
-29363
-54199
44817
-55997
-9482
26085
21465
-11802
-45188
29386
63643
50376
35163
32995
-12872
-25738
44058
-6948
59939
-53537
-49577
24644
-5082
44774
5582
51124
-15354
35124
-60062
-22879
-8392
-49635
-63019
-10255
53993
61307
12342
-43541
56861
-2158
31403
597
-23711
-31739
-38304
25636
-37699
-33612
783
-27068
42123
27274
-43255
6354
-28059
31489
-61795
40684
2272
-38207
61505
21737
-8043
-3315
33680
63602
-53224
-64733
-30621
-65524
14063
-52607
63564
30292
34643
40876
-1272
64282
-52427
-18142
32445
30839
-41549
51077
35587
-65315
-17007
59973
-14606
15335
27694
-14327
53289
-38281
-15134
-60753
7096
2177
-56093
55280
38784
-10259
-41909
-5290
29427
-40230
-11300
-20551
2094
39235
49720
64808
60508
39925
-54704
-11674
19192
-18207
26630
-52082
-44122
47642
-15797
-54477
-61490
35119
62628
36954
35842
-43130
41013
52963
-11201
55771
29132
-28353
3557
63141
13117
37245
-14722
-54745
41221
-3879
-37507
-36537
36277
7653
29599
-19774
-40206
913
58588
-63118
-50601
15241
41657
11602
30614
-28869
-62490
15569
-23835
15174
21111
46629
17540
39546
46061
16762
-6420
-30915
-36453
-65419
-57999
4116
-28623
-22649
42908
-40356
-7235
-59801
3455
-35368
-5404
15108
18597
-59902
-23004
-56582
-23002
-4885
-14848
38547
65357
-56240
34816
-31832
-18781
-22252
-53795
36009
-17847
-61908
24625
56319
-48117
33716
23202
-55186
-20094
30080
30860
27645
-63577
8290
-21722
-58694
9139
14886
42484
-15855
1338
-22496
56298
47564
58037
230
-8484
-7466
12237
58363
60055
-7994
41051
37422
-28549
-43065
-37312
-54428
12172
38930
-48564
28034
1500
63574
-51256
-47697
-42386
-49434
-13035
35901
-9062
5936
13456
8913
31284
-30301
21468
-5825
28299
-36705
-60265
-59794
-9022
55017
65013
63643
-38812
-54913
64408
12360
46134
-44469
35460
25034
-54157
-12242
15070
-20466
-50193
-46151
35329
58209
-48301
-60874
-45877
11794
-50360
-28541
41021
-18508
49779
12993
-37251
-23406
-43406
-6043
-48279
-21804
-46304
12682
-24841
53121
-15203
29949
4166
-20331
-13672
53258
-1247
-7296
-15150
57852
12057
28939
-31263
-19470
562
-233
-23182
6454
13104
-15757
60109
-12163
14608
40473
-32800
-27653
-46909
37682
32677
3204
-64208
-49005
33620
-49202
16708
-7964
-2902
-7101
-39587
47270
-14827
-51708
443
8837
15471
-824
-15479
-35997
-39752
-30287
19086
-2205
58378
39499
56880
-39281
-30620
2371
-49308
64184
-23250
13386
-49301
-22292
-3510
-14441
25294
44585
25952
50566
39782
23467
49766
35930
37047
32782
-34050
33490
-30016
41332
42825
-56123
-6883
20719
-53720
50131
30062
32833
33900
-47830
-37805
172
-61245
24134
-23908
59251
-55703
3780
19474
29885
-30250
35625
22542
9068
6149
61854
6439
50273
30153
-27873
-8801
55259
5891
-61554
-18003
-33024
-40383
43029
-6036
-53832
43460
56140
-46640
52047
-49749
65319
-35972
57519
-48545
1693
-13905
-49266
-37831
51678
13321
56054
-24588
41144
-22000
-16950
42039
-64765
6239
54339
-44750
55798
25214
47409
-752
-41377
7990
-5319
13018
38271
8583
41232
-6419
-63099
-31674
1908
42399
4008
-31698
-65122
-19433
46525
-7323
60001
-32772
-55360
22423
26443
5982
41501
10372
-48544
-35579
-54848
38434
-34193
-29863
19754
1490
57528
-46957
10083
12872
32686
60532
56510
52061
-58140
-26536
23847
36351
57302
7686
37865
25740
-43439
-11673
11005
-24512
43400
52344
24877
-8357
-60974
-64933
-34328
-11789
36427
-37614
28652
-38613
-4980
60078
9296
59678
38563
21534
19819
15385
64785
34543
-50531
-59671
-272
30179
29569
-35480
-53543
50535
-49076
-49999
-25627
20007
-35890
60705
-50175
3181
10509
56593
29066
-39706
-24494
27649
-39672
9805
-57326
45316
-266
62864
35180
-5760
-22210
-54990
-6257
-43501
1748
28423
27322
38744
-3185
-24672
-42817
12392
4240
-13704
-2218
59240
28405
57148
-29206
-4451
52785
57197
23411
-16031
13418
-21571
-45155
-33783
43684
23281
-1416
-4795
144
-64485
31521
60304
36274
-33342
-16834
-20745
24540
20952
10744
-53556
36687
-34795
28286
-2390
35998
-57780
-4739
-20754
-38978
35163
-37934
20529
32689
-1098
-30681
32325
419
-39936
41176
57136
43665
-13622
36394
23882
22936
-113
49417
-57809
62124
-60003
-48026
-29102
-28378
11615
45829
15656
52597
6827
-63654
-33291
-24218
-16389
-54048
24670
2034
-12370
45930
32969
44974
-12790
-47801
-49226
57725
-58317
21226
11363
59477
53543
-36415
-33090
-31815
22973
-21396
20982
34991
26102
62219
52118
-309
-44717
-5436
1443
-18296
47367
-2128
-27624
-60381
-46152
-41004
17075
-35371
-27716
52969
20927
59198
9277
56188
64011
-171
63660
-60763
-36242
10810
6313
18457
-62274
1030
20346
38752
41742
41382
31512
-61740
40984
-10294
64210
64857
61130
51775
61946
25297
58524
-17602
14791
-54608
23233
-42018
62490
19198
34598
11510
35014
2653
-20964
32517
59124
10523
18605
-65446
-18944
-24395
19438
-31388
39099
54330
-14542
41434
-11136
-14630
32979
-49475
-39425
13143
22587
-25891
2036
18174
51163
37866
-34612
32888
26965
33175
-52873
-4666
29416
-46883
-48603
61336
7544
-47186
6442
31055
-49386
-16796
30046
-2081
-58471
29576
-17526
589
22847
-50248
41963
11569
-2203
-59088
-58580
-715
27992
-60893
1660
49513
32694
40405
47796
31627
22931
-11022
-62387
-48866
15811
7700
-1489
-51285
25926
21984
-44080
22183
-19516
61459
38046
6884
43889
-60337
40498
-39795
-20550
-65164
-55910
51521
32020
43887
-13932
21804
63122
-35224
-45278
-31075
-60016
64372
4007
-25752
-20590
46597
10758
27264
-40552
53344
6150
22396
-27339
-39370
-34194
-30713
30785
-63652
2644
59350
49249
-34198
-7457
37250
1542
36958
-34670
-11430
51440
3555
55709
48772
63817
55750
-5221
24159
24439
-48941
-54284
14371
45714
-63519
-45148
-11323
60213
51150
49147
5808
15739
-48354
45587
-9894
-65335
-36388
-13955
-44373
36552
-8983
-51770
47217
35184
31298
-1682
-688
-33130
38381
-56019
-17672
41575
44365
39283
-49664
24
-26465
13417
32706
40978
-1861
-35576
-60082
51591
16351
-15667
32357
22548
-47237
34390
-6596
24477
-20672
41207
-20960
51848
59311
25371
-25058
-21249
-53502
-9897
-28623
31510
28742
41690
34778
-2863
-38525
43294
60720
16772
-51494
-42817
53570
52425
35447
-61860
-29233
8859
-28199
-27777
-51180
52892
9174
18120
-60256
58854
11499
-57230
34666
41070
-40907
3112
65229
62579
62521
25333
55460
6800
43340
3457
-59812
18739
-32911
5309
-54554
6619
-18238
-34529
-21703
45823
-56392
-1319
18311
-45414
-33039
34176
-45648
33090
-63350
15065
19244
16757
31415
55414
-17322
-6272
41322
-54494
-15710
55749
-17708
-10528
11769
10844
-16482
-61951
47593
7673
64458
-1055
33252
-24422
-14918
3136
47753
-13841
-17739
-63282
2452
39092
34499
-54661
48680
30028
59885
63847
-38411
-36640
36114
-18422
-33126
18256
-56633
14838
-24592
12484
-23901
-10111
-63943
54648
5688
-20357
-10156
31893
31239
64601
-17044
49695
-33324
-1691
-52927
-51472
15784
18338
-36188
6947
60409
20439
-18766
-51300
-37113
-48835
-2151
62298
31991
-27857
12628
-30674
9841
42603
-56462
22369
-11319
-56365
-29606
-14555
-26958
55340
30848
64586
-50556
-16685
40700
-26061
30836
31035
52679
-7562
30678
-28547
40520
61467
40956
-31052
37837
3571
-57009
20506
2080
-17180
49695
-54678
36084
35300
60631
61510
-41414
-37558
-43176
23103
33177
-38335
46931
-56824
-39872
16391
56684
60870
2238
-28459
28947
-32949
-16339
-21660
-8046
9457
-5903
-337
41098
36310
-94
-39467
58235
-18475
65436
57808
-5831
-33673
30193
-16150
-34561
-13926
7864
-27763
-5889
-64398
51238
-62762
7594
-38876
-62635
36342
-56369
-25101
59813
-59265
1323
-3767
-21919
58150
30067
33792
-29805
-59707
46720
-44895
64195
-46751
-20181
10519
47568
-43296
-11904
-58078
-13057
-61632
42169
58894
-60907
-43839
20577
20376
38899
-8729
7907
-8002
-23498
-38830
32826
-3690
16530
23472
-29674
65138
4360
-1602
-1103
44173
-23569
-33547
6616
21416
27313
65516
-26083
40487
-3456
35777
-15254
-58177
13285
-44551
16221
-54391
10556
-5730
63953
47286
21857
20333
50937
-25018
-59245
-21988
-30638
-28578
-8872
-58312
-30782
-64883
4034
58510
-32224
28181
-21991
-36486
43800
61785
-56763
46472
-32867
253
17108
-1297
40196
-23693
-5723
-46682
-56928
26493
-57843
-20775
-58947
8080
35262
6503
64067
44334
-65321
-63529
46276
18677
-38354
-24411
9151
43129
48347
37565
15392
-26396
-34662
-53249
-39656
-48832
-12142
-13887
-2976
44882
32388
-5540
-54661
-42998
47037
-13694
-60673
47548
-7454
-62992
1772
21015
-27577
-6798
-1931
6347
-55438
-10323
-60556
-16500
-2812
38951
-4749
-27748
-56225
59313
-5956
6376
49695
64087
-64855
-20410
-16786
-33784
-18518
53864
-14943
-19280
48243
-31895
6697
31393
40464
46188
50944
-10715
-49638
-39484
-61859
-12696
-58017
36172
28304
-27116
-36946
-49943
-19147
56297
53570
-18700
-16153
-23706
-60540
-1144
-5388
6169
-14865
-5294
-32258
54180
25886
-47312
-54387
-39109
9487
-15865
21688
-25895
-37226
8020
40880
-40484
-56531
33378
-12652
26922
60609
18036
-46771
-26347
49419
16362
-16247
22264
3762
-30552
44474
34852
-51278
58723
-24717
-36933
28807
-3715
46579
765
6738
-36033
59385
10924
-23047
42254
-46977
37455
-14264
31114
-50751
58772
57481
-24064
27014
-3450
41957
56738
32246
33418
-43603
57278
21706
-57763
59839
9416
25854
59076
-65139
-56324
-42434
60370
-33722
54662
53699
55725
32680
56810
11129
-24820
-6843
50487
-36888
50497
61633
-63109
-35523
-57387
43980
-4142
-3521
63909
-41800
-25051
-38684
-58362
18572
12689
21806
26416
-38935
56434
-16397
-12633
-29262
-26984
-11107
-3448
-15004
-40301
-12835
-33681
-10905
21331
-44021
50614
6202
-26343
-24262
17441
-55752
-20772
-4247
-54231
-52720
7404
-62123
-31426
-21920
40204
-34970
-17825
1260
-63771
17609
13511
-60102
9149
-58505
18064
-26840
-45709
-1018
-30920
64357
-23343
-30872
-9427
19802
-57654
-23339
45237
-39914
16718
-52230
-13036
60252
-36961
4809
18673
7935
37422
-17649
-5403
-54512
-9327
3151
30221
-43414
10412
16187
-43642
-16658
-6637
-17413
25098
1791
64155
43833
56892
1544
-45126
-55247
-47761
-56751
-63233
16086
-18305
-56406
-54212
50253
33632
10758
5949
36274
-21866
63524
42514
-11267
-20824
-17376
-9885
-59860
-672
53134
59014
-3123
-24360
-59363
-2937
-27614
-2384
26259
13301
-4101
-40010
-52646
-54940
12550
32164
44961
-38000
52754
61965
-27133
-11146
-24170
14813
58428
22421
-62239
-18471
-46790
-30783
-63488
-59489
-23054
-25461
28777
56853
21257
45121
15994
30322
-22512
-5880
-49638
-3028
32227
-24697
-31223
-7556
-50604
-64550
54907
-4220
-58331
56057
43740
-17677
-8050
-19932
47909
-23044
56772
44779
-857
-11201
-19816
-65307
-546
19816
53334
-2132
31180
-32255
43366
31382
-9613
-40339
-36633
23309
6381
23415
-44725
-35385
-27179
-38613
-3
-46515
-60554
-4878
-65423
64124
25151
10349
58510
33738
2632
25553
-14805
27093
50604
56961
-40916
16254
51175
8783
57393
60562
46300
13257
39034
-38630
-38613
23488
59586
-29866
50752
-29725
59232
62066
-1576
30398
-12686
10442
30800
-32724
-5158
-45966
4467
31654
-54500
-43172
17276
-312
53341
55844
2156
48351
46130
-8292
-16956
-15694
-46836
351
-42
-49820
27990
28722
-34818
56239
-25877
-12005
-1717
-42876
53614
59243
-26649
-27150
-5525
-59252
-59506
-60110
-5457
1692
-52331
-62899
38943
40705
4189
-22972
3678
-62839
-26080
-38277
-51954
-37173
9994
-2349
55043
-55727
61973
54510
62459
10504
47725
-58916
-50156
-16195
-15136
42306
20929
-47479
45690
46376
53870
-11500
-24122
-20151
-30155
-22157
64132
63748
-6221
-59454
3343
22912
50168
-55196
54684
65520
7068
-27789
11960
52235
-13059
54459
24394
-60409
1542
-51974
-25015
29158
-14206
39970
54855
46372
-51439
-27577
-56565
39978
23132
15744
-16037
-12607
64944
-22465
8395
-34071
-4906
-25955
-48460
-56148
-15416
-32227
-32465
-10534
-35571
37588
-36896
-3653
49240
60728
12206
14701
37769
-11337
-47448
-55057
-20138
3774
-28417
42664
-40587
-50062
-64912
-48251
-14297
40717
-7172
43615
-30539
99
56901
9781
-11368
-64106
-27864
-38238
-55952
14862
10943
-38409
-41021
51744
-3473
27599
19240
46464
17318
-22109
4265
2935
-61915
35044
-63938
42123
47483
-34587
-28587
-5626
50619
-537
60923
-14930
-37711
-41391
57719
-8569
19965
-40893
-27983
-27713
32478
32899
-17560
27590
-6215
-6967
-9592
-14308
-58937
23743
34491
39683
10389
7287
32521
-48303
-31765
60529
-54192
-51969
50710
62011
15298
-42070
-947
-59819
32590
24358
-49007
15816
1111
-15456
14249
-16666
33032
-63314
62035
-12972
-5036
20496
55320
41422
48746
-65353
-31891
-48210
14216
342
8579
31372
-20107
59817
-23403
-28404
-62296
-34423
63681
8918
-10555
-13573
24369
-9912
-59913
1515
27263
-44567
62037
63977
46101
48344
-10211
-29405
27541
-55247
47059
15006
65067
44477
35173
-62400
13344
-44270
14743
29750
-4022
38170
-29790
22589
-40363
29892
15585
27778
4281
9025
52713
-36354
-47321
10367
57800
57373
52676
10519
32048
8726
-45409
28762
17980
10574
-63260
-61715
-25489
-50959
47622
3802
35908
36173
-25648
39979
14265
-64571
21787
-55132
18802
62029
19770
-1428
-25206
-52533
48177
-47179
51975
41599
-64508
4247
-64748
-7375
-31080
-60767
62678
-873
49934
-62171
54688
16897
-39967
55879
-16356
38494
47985
28566
-46025
-2660
-32913
61452
-55153
-46967
-64626
49155
27234
25571
-64592
-28072
47857
-30741
43773
-11967
29712
35831
-12520
-27144
-28536
-41688
52177
-15868
-25824
15541
57355
-40293
44644
4447
-64805
47143
-31042
-26071
49186
-45699
-61791
-39813
47159
62308
-31586
-32327
-55926
63081
-12582
57916
-18407
40833
-56963
27476
-54583
-52800
29491
33735
17224
-18561
42820
6679
57973
2709
-6217
16871
34614
8537
-59072
-1118
-43653
-33422
15461
-18722
-32128
-15959
22635
42622
26862
20092
-40422
-57703
29131
-35541
-36718
-5250
-25042
22443
-40293
-7652
-12912
-16297
46249
50620
38716
40655
42139
-23102
33528
-28401
29766
19546
-6788
-29776
17619
-53967
-61040
-543
63649
49330
-56340
-50431
57272
-38678
1104
29975
35196
-20143
25974
23530
-21813
8589
-16691
59071
60296
-51633
-1779
18509
-44525
-18780
-58731
-10963
-32740
-4840
15491
36772
40332
-54621
-54493
-6291
25486
34819
-28916
20781
-44979
-53534
-22780
1030
30069
48698
34241
17328
-65295
-525
-54570
37971
-64741
41786
-60582
-36027
-36592
-12664
22987
-49356
19565
-33080
52453
62844
-56822
-40930
4649
-60377
20619
31976
-33659
-55690
26492
-64088
16514
-37000
-14892
-24350
-54953
54022
-19491
26560
42781
-27995
58029
-13529
-62438
30869
6503
-7338
-11794
-59096
48884
28496
-39568
19005
-46399
-17664
1430
-21509
40094
20077
38722
60390
-14831
-2706
46532
-53312
14177
2645
33255
47269
1679
-37762
45056
-62570
28774
-56610
2521
-47186
53658
43978
46159
-64534
-48027
-48547
23294
29864
-29678
-28083
61362
-28813
42228
-26561
-5816
-62102
58103
28592
-6763
33528
-29234
-5001
46819
11965
-36957
-20160
-65166
-57384
-3324
-21072
-26620
3079
-58183
57914
59262
54201
42445
-9952
-28533
34690
61967
32737
-38287
-37920
42994
-50753
11095
23266
19968
3153
-41551
36655
51021
42189
2990
13972
-658
61018
5759
-15022
26860
-52832
-54071
41698
26207
-22199
36669
20682
-39926
36173
8680
42337
31320
48284
-5687
20297
-63545
4966
-18156
60585
-25979
46585
-10566
19268
-64604
-27873
40051
-17086
-42495
-42915
63141
15193
-5270
-47696
-1288
-2254
-59993
24380
-50572
55516
33554
57388
-22529
13905
8773
47670
-54496
-1994
-17486
17658
26899
46042
3216
26379
48535
37892
-34214
24622
-38683
-56231
29811
-53835
35692
-13003
39983
-6417
50573
-22702
57345
42042
65442
-56897
44143
25327
54511
64747
-54387
37559
-43340
12185
-15687
19134
5525
54514
-25382
-37679
45420
-59408
-45025
-41318
35221
-52787
28039
48615
-9836
-23631
-13867
-26248
-19065
16728
46247
-4200
-17912
-50159
-17272
-31402
934
-11030
-43464
34817
54911
13288
35677
22635
54762
-33654
28235
-61605
-35928
43549
6633
-40158
-28068
-36541
45299
59297
64270
-37916
-46585
23617
-34379
5749
29591
-43226
-48047
-53183
-30654
62248
13459
-64719
39075
27896
-65529
6684
60828
16853
22038
-26750
-24422
51612
-25679
-61614
-1529
-49520
26044
-8210
41647
37393
36383
22682
-8844
-61347
62138
16975
27002
-27958
42310
43479
16827
-58828
10630
-42456
-37609
-28381
58391
-40132
-25063
-32581
-58505
42690
52607
7118
29148
-7686
12525
23312
-2481
9897
-14545
48547
-23806
-9100
-59087
4998
25702
6492
52800
42156
-64208
62389
-50820
-34352
20397
-27857
16992
42343
34012
24131
-27590
-14083
11282
530
34186
14959
26992
44055
-31977
43
57121
21781
-38768
49375
50032
34807
37100
-65379
3931
-46928
-43060
5440
8164
-16793
62367
26980
-44736
-62530
-47350
25213
54340
-43933
43376
8750
-44149
-19888
-52031
26190
-9288
-34801
-59820
60072
45007
-56989
-37901
-58668
-11152
-52610
15305
36299
51503
-15592
15980
32658
19229
-31387
-63705
52534
-17455
-4462
60654
16525
34659
-60798
64960
-43883
-22213
-23390
-35721
63461
57971
2928
-55236
33782
-33913
62511
35839
-35302
17100
-54927
62126
1916
-27213
56996
15818
-52348
-18698
64394
45202
15554
5349
-42612
26030
46150
-42943
-59655
3279
-58337
21341
27890
-39183
-45413
-4443
-744
11376
63226
-28827
57913
52680
-32453
8533
4086
22608
-42305
-46685
-15573
-19362
12678
39721
7916
-29720
2286
45908
-47870
33191
-63140
41359
53536
-64114
-42381
-34965
60
-53404
-12597
-26161
-13151
26119
-48894
-10101
39544
46015
19480
38839
20270
-37786
-17144
-55069
-61542
-29944
4990
-29117
-46451
-33579
-61728
61037
21436
7349
63355
48396
-18069
15204
-27861
-52418
47674
32472
7396
-5270
-51290
-18121
-16993
17683
-55139
13809
5684
-5511
-17316
-58967
-25452
-3509
62676
-60254
32035
58383
-38837
65272
24591
28723
42452
1616
-39202
-6354
27842
-36159
45635
-60884
-10114
47311
-55591
59939
51127
-19187
11559
24376
24907
36613
-33119
-55091
-42753
48719
65383
-91
34133
52111
22024
53081
-40654
17797
-54642
-40689
-2629
12586
54734
-31173
-27856
54803
-58423
37665
-36760
-51209
5219
864
-45486
-32551
-60835
48606
19471
-33677
-63334
40620
13671
-53358
19245
-33579
-49728
-49253
58007
-35285
3243
7015
10005
-62006
51278
-38145
-29462
-9195
-43116
-49691
-22505
-52830
-36988
-61645
-21129
-1881
33695
22914
64518
7640
49532
-33801
59014
-56591
40014
33419
-58481
-3681
-57261
59393
31185
37226
-4635
43045
-13988
53877
30935
-11442
65140
-61008
43244
36602
-49605
-587
40073
54184
-55718
5068
-20478
-63970
-33263
32451
-8919
23077
-46391
-48141
-47441
-60289
-59490
7305
55320
39751
21828
-40320
-27396
11238
25530
-59323
-22047
42972
-35413
27002
-44785
-48830
17095
-7232
-52089
-52382
26266
50689
384
-48786
-40080
-60364
59437
-65031
-63379
-46634
48253
15832
20527
6692
-4511
15463
-20704
18904
62543
47003
-44728
33679
-14097
2408
59672
54568
-13434
-42201
27929
-41043
-42431
63218
-57122
18688
-18741
-25680
-41987
36562
26998
-2488
22477
-63523
61922
-4338
-23546
-56756
36351
-63577
-5489
-16530
16885
22163
36034
49421
-32161
-18631
43430
-25014
56808
64132
9197
15260
44255
7949
-30031
-8439
1154
-40253
23793
34685
10511
-45056
4400
-28222
33887
10490
-16635
-23097
39053
-45099
55526
-50465
18606
28333
-49320
32817
-50799
-48237
-16872
50871
37742
28309
-21577
49732
16917
-64178
17298
-63588
8753
-12767
-23868
52369
-57922
64331
45994
60018
-45492
-7042
-8662
62163
-20534
32487
44377
8201
-56925
45668
-1017
-24389
-2036
2661
7314
695
-19935
54340
-64512
54177
46238
57343
-51668
12674
20976
-58315
-25308
15396
40352
9839
-15202
34938
-18272
63735
-9174
36759
7968
14956
-28574
37159
-20437
6008
47107
-7554
-39463
-4054
-27928
24266
62735
-63449
-9305
-61786
63239
11375
38836
10293
12936
-39484
-37706
16431
-64432
-762
59478
-7488
-47494
63050
40075
8538
4970
-64056
-2911
-37545
-25115
-10355
-58531
8919
-47271
-18715
-34710
32354
-31606
-7933
-23633
-43923
36384
6875
-51257
55142
55913
-8122
26747
-40800
-26722
-49696
-20183
-12566
-46384
-57934
-36970
33085
13230
47113
-18844
-9788
-36681
58130
34951
6375
-27373
57570
-7051
33810
-25099
-57916
-62531
4351
-65426
9176
-22648
27956
-36874
57221
-53944
-2427
54133
-63339
64598
-49083
-57822
-20695
-1393
65042
10975
-20019
-27647
-27416
2990
-5275
17162
7180
-2164
-1407
36597
25387
-26418
18165
-5593
-29095
26354
50191
31554
-52988
31172
-25942
-430
-54094
38106
3820
-40456
-38051
9754
29150
-8351
-31915
41824
23172
28641
42386
-3351
42612
-35915
-6375
21137
-17653
-39403
62932
-46384
64504
19255
-23906
-47453
3385
57702
-4835
-48564
64835
-13083
27429
15870
-30277
-35251
-38894
54219
5300
-3209
3482
10748
61220
52639
-63967
-47967
54611
3405
29734
-61587
9012
-22149
47403
-20232
-18772
-16373
8567
-29122
-30035
4770
51893
26197
48252
57473
-48877
6927
-19291
40259
39909
-53861
-18396
15400
-31819
31214
60748
24785
23186
22538
-15048
-18354
-2464
-56278
-54357
-22914
-25956
-21876
15938
5779
-16263
-44076
-7441
-58581
54307
36531
-30059
-2208
-14630
54279
-23951
-32182
-22896
-28723
25799
21056
5959
53538
2921
-44028
62167
-61047
-4372
-59214
56205
-22454
59614
64527
-43159
55809
-62216
-45485
-10925
-16039
14535
5538
9555
-37857
64304
32930
-13957
4057
44485
25011
30762
25531
26614
-30081
-38968
-51386
-40653
64670
57974
-64136
2991
-46180
-21379
-24985
53286
22437
65280
45955
53449
63898
56621
14849
41136
-16411
50975
-24781
46542
-5379
55662
2714
14824
-61925
-7584
40927
-52844
-22379
23501
-10132
51212
-32676
-41555
-25082
-62882
-24947
-60826
30885
52813
24683
-4082
-55895
-39364
35321
49967
-61968
6461
6759
21030
-5041
62303
-5849
-57651
-2171
64009
-39790
26930
-59483
42887
63624
-9185
62963
23629
63662
-36028
63035
-33157
-24852
40084
-4664
-53878
41113
9067
16031
-64328
-13738
8640
-23624
-15351
-11392
-24919
-18638
12240
17812
4978
25346
1395
-8593
35984
62417
38743
-42754
-21784
-14116
22594
22979
-34400
40053
19572
-33429
14805
-17871
59698
26663
51088
64923
-34164
-6143
42984
-27548
45768
47555
26610
61272
14401
-5197
-22404
45407
-49532
46713
30079
59379
-22706
54655
20246
197
1660
15110
4289
8916
40012
-47897
37181
-13447
-34303
-56261
40725
-63089
-50091
-63586
-3341
-5279
-45999
-33271
31236
-3443
56301
2592
13573
49124
-10665
-46723
24418
-49286
30950
13775
-45583
-39292
39444
-10799
49214
10856
-46
-2390
29489
61497
25827
26008
21425
59220
-57094
-21130
-26514
63188
-1913
-5567
22693
25571
-29873
-36359
13939
33980
-9469
24477
4211
-17734
-25620
32911
-33751
-52558
39014
-21256
-9013
18910
9253
32712
-22054
62960
-61145
-62418
40062
61125
53480
52281
-59063
-57360
-31893
28712
59908
-14257
37357
-26819
-48126
-25399
-46144
-43555
36897
20816
-2109
46537
46865
-28178
51441
54129
38977
49440
49819
-4674
-34966
-10608
52354
-36244
-27772
48556
-64622
-25517
2382
-59174
45050
-34102
-50617
29290
-28729
1774
-64037
-13733
-1010
-9034
41501
58663
21612
-21004
6804
12282
62410
4810
-64390
16856
-2528
-25742
-31014
-51884
23916
60807
52972
40470
7043
33043
10580
-166
26174
54946
39076
52612
24897
42633
-52294
-22400
24363
-10556
6069
20848
-46964
-26961
-33681
-64999
-32104
-19347
60676
-47249
-19242
10413
53328
-16674
-50484
-23955
-12721
4130
33159
-51695
58219
61159
-40032
-30431
21394
55209
36491
46636
-32899
-36438
-25006
8865
-39662
-31877
-44087
8590
3659
-61557
-19184
13327
-38597
15679
3087
33835
60091
-53834
-65131
-57288
-10158
46543
-41666
-25479
-59346
23480
-47953
-53574
39808
-30566
-497
-13345
3602
-14613
64342
42455
-29996
63210
13059
51452
44654
19865
-46204
-48085
11620
-63371
11980
7170
-12824
18781
28150
20595
19163
64272
41424
39092
59585
-47614
-1324
-60729
-43279
25063
-4208
-5306
54017
-28663
-19788
9241
-1992
5637
58166
63959
-38151
-26932
10664
-52421
-15153
43667
44181
-36394
-7525
-49294
-48780
728
978
-28653
51095
45824
-7577
63187
-29346
6649
-62020
63861
-33753
7792
34241
-3055
-50087
-2722
-10149
-44673
58451
-19419
32182
18733
1606
40491
10162
-38756
8001
19658
38099
59728
26497
8179
28289
-32355
12278
21696
3309
-40452
-276
3006
54225
54354
22774
-38932
31191
17988
30038
28799
-13485
13995
-47392
-4688
-10585
55617
-60548
-21299
-34849
45927
-18595
52961
52448
41938
-31582
-9742
-819
5294
59429
33377
55123
15339
-16545
-33837
46757
43482
33552
-49602
-36321
37416
-31206
47434
-5360
-14701
62711
-3732
6001
36898
-55711
-8405
19427
-36748
17259
7909
46818
-55948
26947
44514
25039
-31562
-41758
8977
54366
-4771
-51074
15937
65064
-57946
-7963
-4831
45644
-1734
-33090
39363
-39928
-14808
40684
63910
4125
-8520
16322
-60166
11607
32637
52895
8816
-32712
-40058
56799
58395
-19275
47342
-31454
23938
-48862
25243
56915
-15498
6913
-22557
20067
-27275
-41924
53045
15684
-64379
-53573
-29383
-26366
-55070
20243
9340
34651
14609
-7437
35837
3003
-14748
64911
-12580
-48162
-50018
-57609
-55690
-1650
-28131
-60003
-33516
62309
-5147
19755
-31714
38562
2150
-48720
52996
26154
2010
-51344
36666
37389
-9352
36732
60975
-25457
37715
41571
-2434
-50356
-52534
19315
64886
-11937
63696
-59061
50739
34087
-62771
-37423
38788
58796
-42556
14861
-49429
-49576
33221
-10886
-48825
-33932
-20568
-16276
58371
-327
55647
-48280
-35095
-39867
10837
57107
54409
-31158
44502
-54665
-64868
-9241
-50518
-25673
10344
33424
-63751
-29355
-57710
45427
-58414
63277
-12609
3845
-5409
19367
-16036
24642
54125
-44372
-10780
-64925
-28430
42306
32430
-23615
59195
7059
50256
63380
-3878
-60407
45819
-20933
4293
-33341
-12030
24068
61474
-61064
23036
-53676
40500
-22964
6103
15350
38019
-29896
29734
-52710
-50599
49100
-53246
-37554
-8472
12017
52226
48204
60893
-52410
-26441
11443
-12445
-17227
26633
10671
24918
8789
1869
-61813
-13890
-41849
8453
27770
30151
5271
16869
55517
58054
-5958
-11611
30847
-10866
49157
-20444
-23076
53730
-34914
-23907
457
11792
-45115
-22443
57976
-42305
34112
15028
-24909
39060
-38629
53966
-28302
61095
38807
60364
7989
44993
35282
-22664
16862
26120
-53350
-50398
1507
21255
-17890
-36306
51845
-43872
51332
64380
-45321
46889
-45739
-42789
-3451
-48040
44522
-3990
56825
-20631
34930
-55372
-23267
-46355
-6873
-2848
23501
-1725
53754
770
47888
48472
16177
7368
-12171
-16647
-19401
-2804
40192
-51731
28822
-33724
38780
56028
14428
18668
40073
23655
54066
-63717
-59023
47802
21312
55556
34229
-43034
30794
-49840
46673
31036
-31595
-57882
51309
-62382
47024
40541
-9856
53399
7878
-27137
19634
-39624
15858
54466
-64260
-58097
-4136
-36451
-908
29749
28326
-22908
27563
-3815
-54191
12013
-35587
-58718
10029
48441
2079
39073
-25909
-61661
-43287
9214
-30629
44259
42893
28098
13490
-39838
26213
34988
15132
-44996
58896
23427
-28523
46087
45427
-12351
21887
3177
39149
-30793
-5850
-36181
-38115
-2770
-23527
4923
-764
-36156
-47903
-35561
6472
38315
-38987
27604
7231
-65239
-63492
-45145
-41518
-23782
-30145
16396
57057
-60197
3724
-1683
-12599
38556
15954
64186
-59021
36266
-34239
-27512
-63790
-9731
14465
-59310
13144
-45410
-18658
-27066
21555
17308
-711
-60694
14313
-51174
47300
58773
-64445
8419
29096
-19360
56164
-59109
-46328
-40545
20726
-39857
-8276
15633
-905
-5605
-14422
-28224
-1811
-26706
-38836
7612
-45301
-38752
21825
-28442
-6078
-63988
-37779
-36944
15357
21354
-41393
43110
20686
8576
50347
23451
17373
-56206
10428
16213
-21876
-30862
-28751
32804
44820
8351
-38200
-63882
55742
52873
-23110
5129
-7456
14146
14912
-34391
45025
-30908
1988
52348
52334
-1950
46624
18349
7218
11847
16474
-5275
12777
-41815
-49781
64478
10388
37510
28026
59184
19485
39822
-61430
-37404
63857
-33440
692
38726
-58137
-41159
25676
-6116
4415
48440
-2412
47265
-37687
-22471
-14187
-36694
43590
27304
-43314
-57752
15500
-12762
7940
-11704
-62505
44796
36697
-21279
48077
42429
38089
-9236
18186
-60427
37036
-31880
20483
-28177
-63522
-40779
-34490
-59873
-46565
-14499
59367
25834
-4980
48065
6075
19130
-30063
-30112
30118
-13434
32634
-23059
8716
-7239
-33014
18851
-13131
-58766
-14220
-41277
-18715
-63407
-45882
-33789
20736
-38568
35900
54959
-13489
34362
-18401
7812
32363
-49643
-42338
1343
20255
44297
27197
11066
-59774
-35767
45727
9219
21853
40183
31260
-6250
-49038
-44671
-15741
21359
45228
36598
-12670
-54822
31764
-37047
-50244
5635
-24312
46815
28277
-53660
43422
-37621
-13273
29623
-59100
65390
48351
13143
-14193
26534
-30920
-5462
-12451
-45269
39806
-52508
652
-11319
-18037
-6890
-41629
17836
61420
-39023
15633
-8979
-32190
36250
-1183
19833
49377
58682
31399
63955
-45409
61038
12054
45946
-44317
-18017
19454
40968
41438
30749
27666
18076
57388
61538
15688
-7153
-65267
-17063
15994
-19725
-16906
54726
64738
22468
-41840
-17727
-38264
-15479
47025
-53368
5902
-58275
63177
-17420
-7276
-8410
-9351
60543
-27758
49194
-5157
-8034
-37188
-8002
34994
15856
56356
-46530
-18398
2096
-35559
49858
8107
-53464
-62341
39928
-38508
45384
5939
28838
-49221
16294
-53290
28502
61239
31827
41104
-10637
-61015
-19541
35687
-59783
-41896
18820
-27482
23233
-26817
-51208
-36815
20723
44772
-63781
-3164
4016
-7447
-56464
17491
-51794
-24807
41686
52736
-63457
-38910
28588
63304
42708
-36327
-62882
-49835
38135
24920
-34881
-14238
-36262
26217
25800
-11796
-27435
7315
-60896
39799
-47625
13486
-50082
46333
-55068
-51744
-48128
45552
39492
-31267
19651
-23478
28233
-37573
35877
-61663
22427
-62937
-7399
-29654
49452
21345
-16309
50899
-7595
55558
59693
8796
-44293
45985
-58207
32601
51725
-22072
-8202
56057
2053
24163
13228
-8627
26157
-48070
-12149
-42706
-37701
-5542
65267
-45470
2610
45045
53733
2931
47433
8612
-36621
-15949
-15889
17558
55351
18945
17883
-57888
62631
3534
-39829
10518
18610
-18276
-40543
61169
-44127
8872
10066
22519
-21158
27397
-416
-56655
-57572
-62752
-43233
59891
21183
-62351
-39519
7820
4031
12591
-43122
13979
11038
37785
61126
8965
23557
19491
-13916
63099
26477
31291
52363
-18570
55803
-4955
-735
32133
60311
23228
-33286
43527
-38376
58098
11328
-21856
-50040
-38265
-26722
-27725
-22461
50378
51615
-34970
21357
-36755
-24857
45951
-12228
-49989
28639
61361
-59457
50010
25389
-37633
44879
5511
39451
-11812
-33144
-49916
-63313
-55698
-3309
33561
46462
45091
-63476
-61027
41764
-5644
-55601
-52066
51637
24789
-46910
11711
-39501
-54693
42025
9222
-52105
-63335
-18342
7839
26415
15678
24639
45997
550
29986
14420
-26612
43570
-31196
38487
-43011
29196
9566
-34101
-42109
30889
-11461
-59995
733
62708
-42470
-6880
65515
-19315
-4975
-6058
17323
-23261
-17258
44295
-52342
51619
-65177
55725
-41088
31094
-64491
-21569
22890
-30109
-33152
10315
-5887
11829
-25402
16976
-236
-10476
49138
253
53564
-42713
-3786
-51453
39632
54541
52194
-57723
-32897
15690
60140
-4973
-35726
-60255
16115
44019
-26319
56662
19943
-56782
-58606
1287
45109
-37810
63027
5234
20631
-52473
25657
10150
42164
-45916
-9830
33053
-14086
23813
4552
52420
-18575
62131
-12659
8163
12037
24112
42292
-13931
22896
-21867
31353
-62500
-13685
-52595
-45877
2362
-64174
-14984
-787
-44588
-18247
50519
-37427
13923
58761
27514
-25175
4482
45255
57097
-31022
-24514
58417
40958
62645
6493
23174
-10359
55927
55390
-60072
8196
41847
58572
4220
47163
44057
-64903
45639
-30607
60335
58104
-28577
-13039
-27209
-2586
20262
41458
-23460
18139
-19092
-62923
5908
34552
37079
-28760
36724
-49852
-24256
-18734
249
7676
-32102
17084
-18092
-17708
-34990
-34799
-11850
-26911
-3439
-15272
-11464
39928
-62479
-21651
14447
-17703
12925
-36577
-4475
-2666
-3844
-14828
41281
-64624
31875
19347
-13948
-13524
-52402
-8084
64502
-47864
-60575
-42909
7654
-38979
17505
27193
30011
-37970
40641
-39690
-51056
65480
-22854
39237
33816
-33712
-40470
-28369
56660
59622
-55620
-1879
47560
-16446
-31630
11718
-43815
-55074
-19691
-22953
-50340
-16826
2214
-7862
-47008
1968
23228
57188
43697
-27918
64235
26943
51299
-43647
-45256
-58962
57730
-55334
-55448
53284
65144
8477
59100
-28089
8228
-47054
30107
-49442
-24942
21326
28619
34722
-25005
15222
22180
51838
58223
-44625
-60445
23513
-63185
-10065
13492
43627
21526
-43096
-14170
5422
-36802
-54093
23615
15235
35175
2554
1502
-33222
-31099
-26907
-37259
-17490
-4416
43394
7333
-57762
-3926
-37582
-21179
-43844
-47141
20903
-6929
-47794
31877
-17084
14164
62386
-29624
37167
-23525
-15557
-10177
-54993
40420
-22175
-14163
-5132
31668
59121
-62091
-1610
45243
29301
-38704
46289
30326
24145
-49449
6323
-46903
-46358
6042
16623
38880
35720
-20877
46155
35790
9915
10853
5652
-52514
16146
-43400
-60760
50968
20298
27536
-29185
47129
-36316
36699
-3054
-26856
15911
-3638
13352
-51362
27044
51967
-53994
63851
-28874
45678
-26732
57428
29742
-14448
-35544
45767
13477
-7484
-40022
56327
-22536
23800
-14622
-19752
-47967
36020
27166
-6676
-56504
24170
-62428
-12433
-53806
-37198
-13227
-29824
-5212
46758
10203
63331
-869
1799
-61729
-19408
-29600
13674
47979
-36862
46024
64543
-36514
-29479
16919
-61560
11676
19757
-27636
40580
-30032
-10990
38031
-20588
-50772
56725
-439
24976
-19027
-13143
65157
-63068
-2987
23842
-38846
54452
58875
-62974
-24572
-51846
9941
-41069
33231
47333
54965
22668
4108
347
-37490
-37719
-23076
-14143
-26542
47786
29609
60923
11595
49931
36966
31548
26669
15446
-8881
37872
-39983
-57172
-36691
13939
-17362
-48812
-30286
-20985
-15119
21172
37109
12946
41401
29019
44186
-31117
11411
16157
28534
45799
26286
-27331
7738
32917
53697
-9408
41274
23512
-50746
-1885
-53886
48031
-55756
47863
28749
-64650
-57202
-46071
-9226
22263
-2006
-22657
54025
-60419
-33164
3096
29770
-21276
-49780
-38745
-31730
2492
-64305
-22802
-62015
-5382
-11200
-41765
-8672
38924
33416
-63351
-27612
-17642
22694
-24849
-28711
-12286
-10368
35476
14617
-5333
-3362
-25506
-18211
53871
40915
49279
5241
-14848
57772
16825
1503
-48429
64199
-18720
59228
-39097
-5616
-9090
63497
-9920
-49112
-41869
-60584
-16753
30879
8232
-62689
-44255
9495
-9096
-21492
-242
-47260
50937
6758
-18563
54520
44687
51613
-36852
-29483
-49340
-36210
-22453
-25498
48893
14207
-8563
58468
41154
54821
-55560
-54613
-27837
30616
57647
44239
-21201
-3974
60619
9668
10927
27575
19808
-13455
20197
55143
-46546
44933
-19374
-8001
4577
52937
1618
3897
-20848
-40677
-37441
51266
-23224
-52675
-1925
53643
-20966
57319
-43053
51827
-52025
7873
-30604
50344
-25336
-17692
-28201
54491
-2607
29311
-18377
53004
-50458
-14148
-44572
-10070
-39668
19168
29714
56189
29461
52292
11768
-43552
17341
-18909
24745
-9526
-51165
37642
-24114
-61262
121
2982
-18870
19350
-1982
40457
47353
-28126
25800
-34877
-53413
-60212
2541
-3707
-14496
-24901
-14327
44452
-21520
15992
4372
-37252
-9387
-50884
-46878
-20197
-64628
-8261
-47192
28289
11401
10769
15538
58925
53488
-60560
-295
-44050
32120
44869
49623
48218
-14404
-50349
2912
57749
-756
40042
-58204
-53353
-42813
38482
15119
52790
-46395
-60701
31654
-13662
34327
-42118
-11577
-51552
-37314
28628
59490
10603
-64824
-14339
-546
-61646
-33716
-11887
34659
-45892
24024
-40689
-56806
-47935
52764
-58567
27473
17949
-52720
41168
33881
34671
-28554
1896
-6572
1127
4727
662
2985
-24582
-59624
-36931
21248
48323
21632
61698
-61234
-57575
11855
-21929
-41723
49024
-64872
42449
32747
-58071
-19109
-48397
-18811
-48789
55141
-30421
-10248
9556
-16395
-40531
-54542
-39034
8169
-56200
17442
2215
-12667
-11372
16262
-6386
-39576
56706
59268
6392
32212
-2711
5406
-9560
-57692
-54491
48961
46150
41783
27570
-52148
-63912
5229
-10477
-55809
-9089
-63792
43703
53545
17237
-53489
55300
62898
33006
27900
31655
28997
40701
19579
33188
2511
-32338
-54078
-4429
-63769
22253
27858
-23100
47931
64366
-51147
24808
60518
-48835
-51151
-24413
58764
-54429
1721
23858
14988
-51677
58128
-2530
-65348
-50818
-31847
31
-10063
41390
65353
-49340
57019
-40352
31555
58694
-44785
-23853
-54077
12364
-27745
-39312
7737
-20885
-22674
-13479
-62542
15537
-35517
47229
-54564
48080
19687
5655
32782
62117
-15667
-54583
9701
41205
-6671
-54866
-51969
57703
60758
23487
14248
18064
12430
42164
41740
40203
-9103
15275
39182
-51179
-45630
49530
-45378
-54013
15558
-24850
17997
-63742
-1099
-10103
-13581
34710
14020
-41489
40930
33519
2106
-53087
59211
-22548
-53530
-39039
-24778
36418
-12081
-3180
31291
48346
-22339
-32977
51432
18758
18473
35487
47875
-21381
-39898
-41860
32131
25017
59263
-4338
551
4793
-11448
20625
38730
-50882
-45693
-3816
13333
-63901
-20082
-52372
-52967
-30889
40051
-6176
22376
-63493
48739
31168
-57966
13601
-37348
-620
-42614
-38376
-39211
49374
37066
7801
-49955
-52183
-24947
-40619
3187
-30084
-22766
-33741
61102
-45259
33346
-35341
-43312
33664
33908
-26423
-55442
25123
-63211
23004
-6458
62016
31237
-23802
-64582
-64983
-21624
-39414
53969
14242
-49007
-40668
53736
-53767
-462
-52274
64323
-36144
13440
56827
-63471
-44880
-25528
18960
-26301
36302
8332
48686
11690
47943
48153
19072
-17901
11429
-49626
-43828
-58996
1584
41931
32949
53747
-12468
-15149
-58611
-32537
38991
10164
-62095
-47743
-59407
-10710
-13858
60872
-23158
-35987
-39963
59822
-20741
-48050
36275
-54835
30206
-2258
-27529
-34754
16299
59099
-49634
-45600
26166
63363
-40250
-53025
1549
-9272
50591
-47554
-63571
42026
34278
-46964
-56709
-15198
29427
-48064
-11315
56187
-38005
47021
13679
11842
54865
-13995
43673
12928
-1731
62992
34884
-33712
-7918
-54368
-62133
-5262
23159
8621
-43042
-35573
-14324
-19736
40055
4877
27021
34690
-14989
-60680
-19108
42140
-28996
50307
-34150
23458
13856
44028
43065
20642
30892
59370
-27854
54282
-31391
214
-33403
668
-24220
49018
-44368
-4491
437
-20869
46747
-61086
1495
4481
-17908
6656
42654
34263
-49224
7384
-20372
-744
63344
-57429
-53755
41747
54273
-47070
-26681
19582
-44780
-28353
33109
-32420
32013
24707
-30671
-51589
-30686
26724
-56244
-53872
40232
35215
-21422
-45967
15500
22565
5865
-65408
29253
-24727
-50030
-22868
54263
-34086
52528
24418
-57828
-28602
-48894
-14381
-17818
47469
-26395
-61562
-6384
-50038
31534
6058
56963
65234
62566
5645
-18213
-3038
-43281
-430
-54366
-19246
-29704
5338
36026
26966
62747
-22286
7633
32594
46100
-59523
-6951
-349
14444
-45795
48679
-18500
-14778
48936
13679
52828
43391
-65064
-31563
-55689
4826
10905
-46701
62009
-12034
64420
-41774
8024
41222
41820
-1791
255
38691
30671
-31907
16847
-4964
48511
-39007
47275
-21717
-46218
-63543
54507
-45667
-28595
59903
27104
-28634
37778
-13064
-31739
-16841
4158
59698
-41353
-32056
-13834
-10742
-3757
-33596
38331
61202
-61023
-57675
-19306
22354
-23233
-223
-29508
13289
-10265
-27361
9873
-26905
28976
45982
-22930
1670
-413
51682
64550
5229
-47695
-49638
-65375
-16993
42737
34204
16921
704
-56076
47668
22798
31887
43148
-42932
26533
-64409
53614
20360
-45903
-63558
16171
10178
27800
13453
57568
-31810
-44923
-38043
16194
-64698
-63600
51420
-46548
39596
-43597
50020
4309
27324
-5545
-50450
-36362
12408
-14886
-38285
354
8272
-35484
50098
400
43411
-61777
-38229
22558
-32659
-40794
-25680
34298
-27369
23004
-14728
-37567
21778
-17156
24011
30498
61553
-29782
27289
34263
-14907
-11986
-21141
13140
-29932
-48630
-59504
-2125
28176
22086
-36838
54073
13788
-1566
-5123
35490
45351
-60618
-28225
49468
44367
37283
-53223
54081
-58690
-2514
-63216
-62849
9371
-52545
34709
34525
-4441
-15482
37829
25288
-31976
-54996
-36444
35526
54173
59591
-29091
63321
55784
-52957
-7295
39482
51553
44402
54378
-40507
1190
40481
7974
-1697
-48511
48465
-52657
50529
-31045
2326
59896
-50076
-31237
-4224
33098
-40898
9163
6387
-26315
13749
-3836
21358
-42928
-33862
44302
-46778
12462
-19040
-60262
63779
2459
62112
-54986
-28760
-11047
-25056
39187
5841
52766
25018
10357
4658
-37579
982
-46962
60129
38368
61045
59669
-43583
-1243
20065
49518
57010
74
2744
-22753
-33250
31101
-27102
33459
-61950
-12865
-34109
-16192
12180
-15260
-57866
-58151
35991
297
3121
46139
17846
5069
24232
1108
44819
-12569
20972
25548
46197
-65397
-40052
-22332
-50703
-49243
45679
24660
-41551
-42938
-2721
20894
58019
-60932
62225
-46608
-61754
15878
38947
46777
60839
-12402
60331
-38972
1256
36594
60420
51518
-25415
-823
-2324
64992
28366
34812
-53545
-25891
46538
-24295
9820
-12144
-14105
15055
-40690
-61892
47952
22675
44612
-48818
37465
9219
34148
8787
7867
56484
30813
-28765
51831
53907
44857
-27556
47443
-12014
-6826
-33961
-13391
4230
-12754
-62690
46099
38310
56731
-56294
-45359
-4477
29392
-51954
16728
-37819
59266
-2309
-49425
-54661
19556
-17266
-39917
11495
-57115
-8604
46918
-61618
-45114
-22075
46470
19860
603
-47321
-28709
46673
-22725
-48385
-53979
28220
62134
16960
49905
54291
-61079
25789
-5189
-16677
2282
-55821
-34909
13721
-35361
54742
56450
3826
54250
31029
-33829
2566
30615
-5850
8468
-41596
20990
41742
3304
-47999
52033
-62470
-54631
-30460
-21547
-16428
15737
19213
47349
-16620
-47590
-1031
-24563
-58945
-32700
997
-13077
62145
64229
-45517
23022
-10081
-15403
19576
54357
53033
-28877
39456
31302
-15772
8737
-17664
14701
-23986
41342
-33635
376
37587
-7474
-12995
-27824
32706
-54557
-44606
-39492
18789
11611
-4508
-50726
-39707
32462
25360
-51522
48618
54575
55291
-62106
8029
-29089
-5914
-47477
51275
61157
19865
18743
-7344
-1843
-18508
30117
-46826
63205
36020
-59044
-45367
-31148
-25642
-10449
6641
-1630
-52419
-20544
-6042
-26932
-10217
-26142
10670
-28090
18050
25203
-44195
-49163
-3904
15683
-147
-37052
37686
46794
-14448
2744
-65240
16173
52697
-57064
-325
-3093
7546
48822
46332
-21995
16283
33510
-51108
32162
22959
24686
-63792
-33037
-19587
-56165
41296
64433
45978
-60292
46688
-7718
-10263
-51405
55997
-61392
52938
36083
61402
36612
-28149
-35365
-20963
52751
-16445
-28179
64259
60569
11591
4822
64470
-15473
21221
37530
-55141
32540
35847
21664
36632
-58215
56387
-50676
56757
-64096
26612
-4864
4062
-11882
-6358
42371
-58019
-13717
11745
-19605
44261
35920
33143
24686
1233
27176
-26629
-53391
-52378
-55975
49150
54699
-42185
-4427
-38262
36773
-36317
-52099
28217
-28289
34496
-57296
-21970
-26281
-44889
2013
-49530
-4600
-59594
-14574
33060
-49308
-58504
-7765
-47121
50636
-25984
11670
22011
-56767
54671
-29867
-49958
-64845
43495
-10800
-65231
14860
-30444
-13849
-58680
-28110
41345
1546
12196
64721
-51559
39997
-63520
14461
-53189
-52498
19834
45548
24447
-62307
-58346
-36719
-64661
31975
-31044
12653
-60213
53048
-26420
-34140
-27234
1422
22924
31810
-40831
-64963
-53462
2260
8876
-63909
65396
56987
-63676
-52734
46472
38634
-42440
55239
21490
47199
-50095
30426
17237
25074
-1385
-498
-34474
-61318
36449
57175
-4318
-25556
4793
46586
-36774
23068
-9340
59355
-20644
-52691
-42341
-23275
-45138
-43893
-2038
33437
269
-53115
8717
-31345
-62415
-1289
42371
32797
-14002
19509
-7605
2086
61841
-3259
-15976
4700
-30154
-21308
-26444
-18827
41531
29544
15224
-15846
16758
-20033
-12603
-11571
2563
-7252
-51527
34784
-4231
55017
-43210
53999
-28424
-37571
14813
-7339
-23236
55934
-49492
44748
-16801
5058
63952
18938
-30399
-33322
-16727
27278
-39793
-23263
52731
20641
-57975
46271
-13010
-28450
-11947
32603
-7814
-13010
-59960
46286
-2582
56302
7342
31446
-44632
4968
-63128
-13466
11186
40413
-9888
33496
-59022
55916
27303
-64598
-44695
6725
-3858
46574
-24724
-20026
37246
-32918
-9873
-6030
15275
-37465
-20497
-62208
64512
12150
51098
-30173
-57047
37912
-62755
38551
-25895
-17362
-13728
-55531
62920
37765
-55305
-146
30171
32418
31171
-5155
-8267
-38918
35469
39952
-17867
31598
15171
-60600
-49053
-30437
1731
-27568
42879
47636
57042
-31197
-30322
5260
16514
61621
-36990
-441
49276
-64717
-28335
6079
60201
61968
28098
-46059
31324
19378
-16300
61903
4314
1660
20135
-27930
-63143
36668
56730
-56008
10859
23404
30973
-58562
15648
58409
37042
64763
47228
-17125
-2988
-5702
-6631
26537
19581
-49222
-3914
3863
-11018
-31649
9294
58614
13762
-22157
58728
62817
-18801
-62312
-45353
23259
-40323
-29840
-14035
-13589
-30592
51719
4225
20687
-37103
13442
16590
-26477
-13707
-60824
46567
-58459
-25492
-56
56466
-64581
-58884
-61409
-30027
15560
59404
31890
39726
-45850
-16085
46957
59686
-18471
62644
59170
-32173
9562
-43445
-23094
21996
-9530
2121
-26323
-34252
-29744
-47775
47454
-51047
-61568
-18917
36194
-47882
11076
-51192
-33727
7290
23516
-19143
-51259
-56476
-38197
26633
-15105
20504
-60300
804
24977
11179
-8942
-4688
-4487
20391
-21390
12307
-27394
-22580
-41963
20170
-61358
2670
14560
21545
-52161
10055
-29559
-38236
26722
62049
32626
55225
12068
-60075
-61483
-45564
55384
-47892
51709
-43946
36625
-33901
3208
34694
65230
12506
40028
-26805
14465
40592
36054
2182
3319
-30310
-53976
27827
62721
-25714
2795
-30324
-26081
-34809
-45026
52670
-17423
4368
-48346
13843
56625
-41159
52874
4596
-65179
50453
25183
4927
58073
-51838
-35815
31519
1162
-41179
42437
35638
-33640
-13057
14712
-5501
-47963
-16794
-5661
-58875
61458
-35761
18613
19440
-37631
3748
-50106
48060
50648
-39188
13234
14179
-35109
-3272
52695
38968
-41789
-14819
-10938
14642
-29344
63102
57777
32125
-41207
-42713
-50467
50103
22330
-60810
-49987
58106
-43436
21108
41650
37407
54141
19372
15064
-23735
57275
45177
57804
62247
17584
-24087
-26228
28276
24048
58502
19599
-5620
65347
54586
10954
-5612
-13697
-44899
-14998
20564
33596
-34617
61309
63952
-46742
19983
-21755
-9009
-50596
-36443
10844
-64243
-27308
30507
19681
-9352
-30186
47565
41328
-45781
37363
-23340
25832
-15149
30409
6906
-28111
-259
49220
32190
-16301
-56642
-19977
-6911
-19116
-18303
-52922
-50061
8457
-24111
51267
-14583
-36631
3727
-45608
-23680
-11924
42861
-53457
27670
-36929
63516
-22081
-37534
47716
-3868
27126
47291
-33294
18536
-21399
9740
57002
-65225
-36838
51960
-7798
32547
-32446
-60418
654
48074
17202
-26002
-15311
63864
-21219
4499
-60670
57609
31548
-40203
28438
3690
11759
9974
-62858
-40194
-22342
65022
45198
8829
-5882
13567
17516
32988
-49673
22875
-14870
-7923
25137
39043
10411
-36985
-14361
-4871
34285
60441
-27028
41184
-14112
28074
16292
-10825
-11979
-57793
36647
59576
45002
-14275
-1960
-53387
-32847
-10877
56765
-38885
60697
-3592
52372
-42617
-33166
35932
-638
51335
60998
-39468
19222
-33668
-10076
-46409
31070
6648
-21181
37685
24657
6833
49640
-62101
-7202
-30383
47976
-86
31635
53731
-12763
-43017
-54363
-4529
-59905
18027
-56981
11315
-2090
25828
55781
11956
-60527
39883
45797
-2802
62684
-36858
-29949
-61520
18065
-43345
38872
50596
62541
50254
1564
25472
8716
-23182
-27898
47538
6268
11022
-60247
60535
21018
-22287
27469
-35316
18235
11725
16708
-16356
37016
14402
-65523
24425
-15264
-42472
-42454
-22751
10280
57826
52385
62224
-47640
-24885
45610
-24236
-15243
16470
35042
-21485
10807
-60281
-35893
-51197
-62535
-18387
-5557
54470
-23489
-52009
55060
-20655
-49348
-19998
12484
-3625
-39905
11016
15867
-56435
-40164
-62252
-24363
33382
65005
-51416
-30565
-59296
-43660
33231
-55242
13900
-35227
-39873
21594
63961
-40059
-41944
46327
-46739
29646
-34789
-39155
9052
-42308
7888
13604
-61625
-46706
34390
1199
-64523
27957
40145
50723
54545
-53967
9509
52348
-44866
-60845
61135
9007
-57745
-27651
-58478
59415
-4573
32861
30584
